(9965, 146.8181818181818)
(9966, 146.8181818181818)
(9967, 146.8181818181818)
(9968, 146.8181818181818)
(9969, 146.8181818181818)
(9970, 146.8181818181818)
(9971, 146.8181818181818)
(9972, 146.8181818181818)
(9973, 146.8181818181818)
(9974, 146.8181818181818)
(9975, 146.8181818181818)
(9976, 146.8181818181818)
(9977, 146.8181818181818)
(9978, 146.8181818181818)
(9979, 146.8181818181818)
(9980, 146.8181818181818)
(9981, 146.8181818181818)
(9982, 146.8181818181818)
(9983, 146.8181818181818)
(9984, 146.8181818181818)
(9985, 146.8181818181818)
(9986, 146.8181818181818)
(9987, 146.8181818181818)
(9988, 146.8181818181818)
(9989, 146.8181818181818)
(9990, 146.8181818181818)
(9991, 146.8181818181818)
(9992, 146.8181818181818)
(9993, 146.8181818181818)
(9994, 146.8181818181818)
(9995, 146.8181818181818)
(9996, 146.8181818181818)
(9997, 146.8181818181818)
(9998, 146.8181818181818)
(9999, 146.8181818181818)
(10000, 146.8181818181818)
(10001, 146.8181818181818)
(10002, 146.8181818181818)
(10003, 146.8181818181818)
(10004, 146.8181818181818)
(10005, 146.8181818181818)
(10006, 146.8181818181818)
(10007, 146.8181818181818)
(10008, 146.8181818181818)
(10009, 146.8181818181818)
(10010, 146.8181818181818)
(10011, 146.8181818181818)
(10012, 146.8181818181818)
(10013, 146.8181818181818)
(10014, 146.8181818181818)
(10015, 146.8181818181818)
(10016, 146.8181818181818)
(10017, 146.8181818181818)
(10018, 146.8181818181818)
(10019, 146.8181818181818)
(10020, 146.8181818181818)
(10021, 146.8181818181818)
(10022, 146.8181818181818)
(10023, 146.8181818181818)
(10024, 146.8181818181818)
(10025, 146.8181818181818)
(10026, 146.8181818181818)
(10027, 146.8181818181818)
(10028, 146.8181818181818)
(10029, 146.8181818181818)
(10030, 146.8181818181818)
(10031, 146.8181818181818)
(10032, 146.8181818181818)
(10033, 146.8181818181818)
(10034, 146.8181818181818)
(10035, 146.8181818181818)
(10036, 146.8181818181818)
(10037, 146.8181818181818)
(10038, 146.8181818181818)
(10039, 146.8181818181818)
(10040, 146.8181818181818)
(10041, 146.8181818181818)
(10042, 146.8181818181818)
(6589, 137.30158730158732)
(6590, 137.30158730158732)
(6591, 137.30158730158732)
(6592, 137.30158730158732)
(6593, 137.30158730158732)
(6594, 137.30158730158732)
(6595, 137.30158730158732)
(6596, 137.30158730158732)
(6597, 137.30158730158732)
(6598, 137.30158730158732)
(6599, 137.30158730158732)
(6600, 137.30158730158732)
(6601, 137.30158730158732)
(6602, 137.30158730158732)
(6603, 137.30158730158732)
(6604, 137.30158730158732)
(6605, 137.30158730158732)
(6606, 137.30158730158732)
(6607, 137.30158730158732)
(6608, 137.30158730158732)
(6609, 137.30158730158732)
(6610, 137.30158730158732)
(6611, 137.30158730158732)
(6612, 137.30158730158732)
(6613, 137.30158730158732)
(6614, 137.30158730158732)
(6615, 137.30158730158732)
(6616, 137.30158730158732)
(6617, 137.30158730158732)
(6618, 137.30158730158732)
(6619, 137.30158730158732)
(6620, 137.30158730158732)
(6621, 137.30158730158732)
(6622, 137.30158730158732)
(6623, 137.30158730158732)
(6624, 137.30158730158732)
(6625, 137.30158730158732)
(6626, 137.30158730158732)
(6627, 137.30158730158732)
(6628, 137.30158730158732)
(6629, 137.30158730158732)
(6630, 137.30158730158732)
(6631, 137.30158730158732)
(6632, 137.30158730158732)
(6633, 137.30158730158732)
(6634, 137.30158730158732)
(6635, 137.30158730158732)
(8600, 136.16)
(8601, 136.16)
(8602, 136.16)
(8603, 136.16)
(8604, 136.16)
(8605, 136.16)
(8606, 136.16)
(8607, 136.16)
(8608, 136.16)
(8609, 136.16)
(8610, 136.16)
(8611, 136.16)
(8612, 136.16)
(8613, 136.16)
(8614, 136.16)
(8615, 136.16)
(8616, 136.16)
(8617, 136.16)
(8618, 136.16)
(8619, 136.16)
(8620, 136.16)
(8621, 136.16)
(8622, 136.16)
(8623, 136.16)
(8624, 136.16)
(8625, 136.16)
(8626, 136.16)
(8627, 136.16)
(8628, 136.16)
(8629, 136.16)
(8630, 136.16)
(8631, 136.16)
(8632, 136.16)
(8633, 136.16)
(8634, 136.16)
(8635, 136.16)
(8636, 136.16)
(8637, 136.16)
(8638, 136.16)
(8639, 136.16)
(8640, 136.16)
(8641, 136.16)
(8642, 136.16)
(8643, 136.16)
(8644, 136.16)
(8645, 136.16)
(8646, 136.16)
(8647, 136.16)
(8648, 136.16)
(8649, 136.16)
(8650, 136.16)
(8651, 136.16)
(8652, 136.16)
(8653, 136.16)
(8654, 136.16)
(8655, 136.16)
(8656, 136.16)
(8657, 136.16)
(8658, 136.16)
(8659, 136.16)
(8660, 136.16)
(8661, 136.16)
(8662, 136.16)
(8663, 136.16)
(8664, 136.16)
(8665, 136.16)
(8666, 136.16)
(8667, 136.16)
(8668, 136.16)
(8669, 136.16)
(8670, 136.16)
(8671, 136.16)
(8672, 136.16)
(8673, 136.16)
(8674, 136.16)
(8675, 136.16)
(8676, 136.16)
(8677, 136.16)
(8678, 136.16)
(8679, 136.16)
(8680, 136.16)
(8681, 136.16)
(8682, 136.16)
(8683, 136.16)
(8684, 136.16)
(8685, 136.16)
(8686, 136.16)
(8687, 136.16)
(8688, 136.16)
(8689, 136.16)
(8690, 136.16)
(8691, 136.16)
(8692, 136.16)
(8693, 136.16)
(8694, 136.16)
(8695, 136.16)
(8696, 136.16)
(8697, 136.16)
(8698, 136.16)
(8699, 136.16)
(8700, 136.16)
(8701, 136.16)
(8702, 136.16)
(8703, 136.16)
(8704, 136.16)
(8705, 136.16)
(8706, 136.16)
(8707, 136.16)
(8708, 136.16)
(8709, 136.16)
(8710, 136.16)
(8711, 136.16)
(8712, 136.16)
(8713, 136.16)
(8714, 136.16)
(8715, 136.16)
(8716, 136.16)
(8717, 136.16)
(8718, 136.16)
(8719, 136.16)
(8720, 136.16)
(8721, 136.16)
(8722, 136.16)
(8723, 136.16)
(8724, 136.16)
(8725, 136.16)
(8726, 136.16)
(8727, 136.16)
(8728, 136.16)
(8729, 136.16)
(8730, 136.16)
(8731, 136.16)
(8732, 136.16)
(8733, 136.16)
(8734, 136.16)
(8735, 136.16)
(8736, 136.16)
(8737, 136.16)
(8738, 136.16)
(8739, 136.16)
(8740, 136.16)
(8741, 136.16)
(8742, 136.16)
(8743, 136.16)
(9689, 132.75)
(9690, 132.75)
(9691, 132.75)
(9692, 132.75)
(9693, 132.75)
(9694, 132.75)
(9695, 132.75)
(9696, 132.75)
(9697, 132.75)
(9698, 132.75)
(9699, 132.75)
(9700, 132.75)
(9701, 132.75)
(9702, 132.75)
(9703, 132.75)
(9704, 132.75)
(9705, 132.75)
(9706, 132.75)
(9707, 132.75)
(9708, 132.75)
(9709, 132.75)
(9710, 132.75)
(9711, 132.75)
(9712, 132.75)
(9713, 132.75)
(9714, 132.75)
(9715, 132.75)
(9716, 132.75)
(9717, 132.75)
(9718, 132.75)
(9719, 132.75)
(9720, 132.75)
(9721, 132.75)
(9722, 132.75)
(9723, 132.75)
(9724, 132.75)
(9725, 132.75)
(9726, 132.75)
(9727, 132.75)
(9728, 132.75)
(9729, 132.75)
(9730, 132.75)
(9731, 132.75)
(9732, 132.75)
(9733, 132.75)
(9734, 132.75)
(9735, 132.75)
(9736, 132.75)
(9737, 132.75)
(9738, 132.75)
(9739, 132.75)
(9740, 132.75)
(9741, 132.75)
(9742, 132.75)
(9743, 132.75)
(9744, 132.75)
(9745, 132.75)
(9746, 132.75)
(9747, 132.75)
(9748, 132.75)
(9749, 132.75)
(9750, 132.75)
(9751, 132.75)
(9752, 132.75)
(9753, 132.75)
(9754, 132.75)
(9755, 132.75)
(9756, 132.75)
(9757, 132.75)
(9758, 132.75)
(9759, 132.75)
(9760, 132.75)
(9761, 132.75)
(9762, 132.75)
(9763, 132.75)
(9764, 132.75)
(9765, 132.75)
(9766, 132.75)
(9767, 132.75)
(14675, 132.6)
(14676, 132.6)
(14677, 132.6)
(14678, 132.6)
(14679, 132.6)
(14680, 132.6)
(14681, 132.6)
(14682, 132.6)
(14683, 132.6)
(14684, 132.6)
(14685, 132.6)
(14686, 132.6)
(14687, 132.6)
(14688, 132.6)
(13418, 132.3)
(13419, 132.3)
(13420, 132.3)
(13421, 132.3)
(13422, 132.3)
(10846, 130.0)
(14547, 129.36363636363637)
(14548, 129.36363636363637)
(14549, 129.36363636363637)
(14550, 129.36363636363637)
(14551, 129.36363636363637)
(14552, 129.36363636363637)
(14553, 129.36363636363637)
(14554, 129.36363636363637)
(14555, 129.36363636363637)
(14556, 129.36363636363637)
(14557, 129.36363636363637)
(14558, 129.36363636363637)
(14559, 129.36363636363637)
(14560, 129.36363636363637)
(14561, 129.36363636363637)
(14562, 129.36363636363637)
(14563, 129.36363636363637)
(14564, 129.36363636363637)
(14565, 129.36363636363637)
(14566, 129.36363636363637)
(14567, 129.36363636363637)
(10962, 127.6923076923077)
(10963, 127.6923076923077)
(10964, 127.6923076923077)
(10965, 127.6923076923077)
(10966, 127.6923076923077)
(10967, 127.6923076923077)
(10968, 127.6923076923077)
(10969, 127.6923076923077)
(10970, 127.6923076923077)
(10971, 127.6923076923077)
(10988, 124.5625)
(10989, 124.5625)
(10990, 124.5625)
(10991, 124.5625)
(10992, 124.5625)
(10993, 124.5625)
(10994, 124.5625)
(10995, 124.5625)
(10996, 124.5625)
(10997, 124.5625)
(10998, 124.5625)
(10999, 124.5625)
(11000, 124.5625)
(11001, 124.5625)
(11002, 124.5625)
(11003, 124.5625)
(11004, 124.5625)
(11005, 124.5625)
(11006, 124.5625)
(11007, 124.5625)
(11008, 124.5625)
(11009, 124.5625)
(11010, 124.5625)
(11011, 124.5625)
(11012, 124.5625)
(11013, 124.5625)
(11014, 124.5625)
(11015, 124.5625)
(11016, 124.5625)
(11017, 124.5625)
(11018, 124.5625)
(11019, 124.5625)
(11020, 124.5625)
(11021, 124.5625)
(11022, 124.5625)
(11023, 124.5625)
(11024, 124.5625)
(11025, 124.5625)
(11026, 124.5625)
(11027, 124.5625)
(11028, 124.5625)
(11029, 124.5625)
(11030, 124.5625)
(11031, 124.5625)
(11032, 124.5625)
(11033, 124.5625)
(11034, 124.5625)
(11035, 124.5625)
(11036, 124.5625)
(11037, 124.5625)
(11038, 124.5625)
(11039, 124.5625)
(11040, 124.5625)
(11041, 124.5625)
(11042, 124.5625)
(11043, 124.5625)
(11044, 124.5625)
(11045, 124.5625)
(11046, 124.5625)
(11047, 124.5625)
(15070, 123.5)
(15071, 123.5)
(15072, 123.5)
(15073, 123.5)
(15074, 123.5)
(15075, 123.5)
(15076, 123.5)
(15077, 123.5)
(15078, 123.5)
(15079, 123.5)
(15080, 123.5)
(15081, 123.5)
(15082, 123.5)
(15083, 123.5)
(15084, 123.5)
(15085, 123.5)
(15086, 123.5)
(15087, 123.5)
(15088, 123.5)
(15089, 123.5)
(15090, 123.5)
(15091, 123.5)
(15092, 123.5)
(15093, 123.5)
(9797, 123.46666666666667)
(9798, 123.46666666666667)
(9799, 123.46666666666667)
(9800, 123.46666666666667)
(9801, 123.46666666666667)
(9802, 123.46666666666667)
(9803, 123.46666666666667)
(9804, 123.46666666666667)
(9805, 123.46666666666667)
(9806, 123.46666666666667)
(9807, 123.46666666666667)
(9808, 123.46666666666667)
(9809, 123.46666666666667)
(9810, 123.46666666666667)
(9811, 123.46666666666667)
(9812, 123.46666666666667)
(9813, 123.46666666666667)
(9814, 123.46666666666667)
(9815, 123.46666666666667)
(9816, 123.46666666666667)
(9817, 123.46666666666667)
(9818, 123.46666666666667)
(9819, 123.46666666666667)
(9820, 123.46666666666667)
(9821, 123.46666666666667)
(9822, 123.46666666666667)
(9823, 123.46666666666667)
(9824, 123.46666666666667)
(9825, 123.46666666666667)
(9826, 123.46666666666667)
(9827, 123.46666666666667)
(9828, 123.46666666666667)
(9829, 123.46666666666667)
(9830, 123.46666666666667)
(10794, 122.0253164556962)
(10795, 122.0253164556962)
(10796, 122.0253164556962)
(10797, 122.0253164556962)
(10798, 122.0253164556962)
(10799, 122.0253164556962)
(10800, 122.0253164556962)
(10801, 122.0253164556962)
(10802, 122.0253164556962)
(10803, 122.0253164556962)
(10804, 122.0253164556962)
(10805, 122.0253164556962)
(10806, 122.0253164556962)
(10807, 122.0253164556962)
(10808, 122.0253164556962)
(10809, 122.0253164556962)
(10810, 122.0253164556962)
(10811, 122.0253164556962)
(10812, 122.0253164556962)
(10813, 122.0253164556962)
(10814, 122.0253164556962)
(10815, 122.0253164556962)
(10816, 122.0253164556962)
(10817, 122.0253164556962)
(10818, 122.0253164556962)
(10819, 122.0253164556962)
(10820, 122.0253164556962)
(10821, 122.0253164556962)
(10822, 122.0253164556962)
(10823, 122.0253164556962)
(10824, 122.0253164556962)
(10825, 122.0253164556962)
(10826, 122.0253164556962)
(10827, 122.0253164556962)
(10828, 122.0253164556962)
(10829, 122.0253164556962)
(10830, 122.0253164556962)
(10831, 122.0253164556962)
(10832, 122.0253164556962)
(10833, 122.0253164556962)
(10834, 122.0253164556962)
(10835, 122.0253164556962)
(10836, 122.0253164556962)
(10837, 122.0253164556962)
(10838, 122.0253164556962)
(10839, 122.0253164556962)
(10840, 122.0253164556962)
(10841, 122.0253164556962)
(10842, 122.0253164556962)
(10843, 122.0253164556962)
(10844, 122.0253164556962)
(10845, 122.0253164556962)
(12142, 121.5)
(12143, 121.5)
(14386, 119.85714285714286)
(6378, 118.46153846153847)
(6379, 118.46153846153847)
(6380, 118.46153846153847)
(6381, 118.46153846153847)
(6382, 118.46153846153847)
(6383, 118.46153846153847)
(6384, 118.46153846153847)
(6385, 118.46153846153847)
(6386, 118.46153846153847)
(6387, 118.46153846153847)
(6388, 118.46153846153847)
(6389, 118.46153846153847)
(6390, 118.46153846153847)
(6391, 118.46153846153847)
(6392, 118.46153846153847)
(6393, 118.46153846153847)
(6394, 118.46153846153847)
(6395, 118.46153846153847)
(6396, 118.46153846153847)
(6397, 118.46153846153847)
(6398, 118.46153846153847)
(6399, 118.46153846153847)
(6400, 118.46153846153847)
(6401, 118.46153846153847)
(6402, 118.46153846153847)
(6403, 118.46153846153847)
(6404, 118.46153846153847)
(6405, 118.46153846153847)
(6406, 118.46153846153847)
(6407, 118.46153846153847)
(6408, 118.46153846153847)
(6409, 118.46153846153847)
(6410, 118.46153846153847)
(6411, 118.46153846153847)
(6412, 118.46153846153847)
(6413, 118.46153846153847)
(6414, 118.46153846153847)
(6415, 118.46153846153847)
(6416, 118.46153846153847)
(6417, 118.46153846153847)
(6418, 118.46153846153847)
(6419, 118.46153846153847)
(6420, 118.46153846153847)
(6421, 118.46153846153847)
(6422, 118.46153846153847)
(6423, 118.46153846153847)
(6424, 118.46153846153847)
(6425, 118.46153846153847)
(6426, 118.46153846153847)
(6427, 118.46153846153847)
(6428, 118.46153846153847)
(6429, 118.46153846153847)
(6430, 118.46153846153847)
(6431, 118.46153846153847)
(6432, 118.46153846153847)
(6433, 118.46153846153847)
(6434, 118.46153846153847)
(6435, 118.46153846153847)
(6436, 118.46153846153847)
(6437, 118.46153846153847)
(6438, 118.46153846153847)
(6439, 118.46153846153847)
(6440, 118.46153846153847)
(6441, 118.46153846153847)
(6442, 118.46153846153847)
(6443, 118.46153846153847)
(6444, 118.46153846153847)
(6445, 118.46153846153847)
(6446, 118.46153846153847)
(6447, 118.46153846153847)
(6448, 118.46153846153847)
(6449, 118.46153846153847)
(6450, 118.46153846153847)
(6451, 118.46153846153847)
(6452, 118.46153846153847)
(6453, 118.46153846153847)
(6454, 118.46153846153847)
(6455, 118.46153846153847)
(6456, 118.46153846153847)
(6457, 118.46153846153847)
(6458, 118.46153846153847)
(6459, 118.46153846153847)
(6460, 118.46153846153847)
(6461, 118.46153846153847)
(6462, 118.46153846153847)
(6463, 118.46153846153847)
(6464, 118.46153846153847)
(6465, 118.46153846153847)
(6466, 118.46153846153847)
(6467, 118.46153846153847)
(6468, 118.46153846153847)
(6469, 118.46153846153847)
(6470, 118.46153846153847)
(6471, 118.46153846153847)
(6472, 118.46153846153847)
(6473, 118.46153846153847)
(6474, 118.46153846153847)
(6475, 118.46153846153847)
(6476, 118.46153846153847)
(6477, 118.46153846153847)
(6478, 118.46153846153847)
(6479, 118.46153846153847)
(6480, 118.46153846153847)
(6481, 118.46153846153847)
(6482, 118.46153846153847)
(6483, 118.46153846153847)
(6484, 118.46153846153847)
(6485, 118.46153846153847)
(6486, 118.46153846153847)
(6487, 118.46153846153847)
(6488, 118.46153846153847)
(6489, 118.46153846153847)
(6490, 118.46153846153847)
(6491, 118.46153846153847)
(6492, 118.46153846153847)
(6493, 118.46153846153847)
(6494, 118.46153846153847)
(6495, 118.46153846153847)
(6496, 118.46153846153847)
(6497, 118.46153846153847)
(6498, 118.46153846153847)
(10791, 118.25)
(10792, 118.25)
(10793, 118.25)
(15518, 117.8)
(15519, 117.8)
(15520, 117.8)
(15521, 117.8)
(15522, 117.8)
(15523, 117.8)
(15524, 117.8)
(15525, 117.8)
(15526, 117.8)
(15527, 117.8)
(15528, 117.8)
(15529, 117.8)
(15530, 117.8)
(15531, 117.8)
(15532, 117.8)
(15533, 117.8)
(15534, 117.8)
(15535, 117.8)
(15536, 117.8)
(15537, 117.8)
(15538, 117.8)
(15539, 117.8)
(15540, 117.8)
(15541, 117.8)
(15542, 117.8)
(15543, 117.8)
(15544, 117.8)
(15545, 117.8)
(15546, 117.8)
(15547, 117.8)
(15548, 117.8)
(15549, 117.8)
(15550, 117.8)
(15551, 117.8)
(15552, 117.8)
(15553, 117.8)
(15554, 117.8)
(15555, 117.8)
(15556, 117.8)
(15557, 117.8)
(15558, 117.8)
(15559, 117.8)
(15560, 117.8)
(15561, 117.8)
(15562, 117.8)
(15563, 117.8)
(15564, 117.8)
(15565, 117.8)
(15566, 117.8)
(15567, 117.8)
(15568, 117.8)
(15569, 117.8)
(15570, 117.8)
(15571, 117.8)
(15572, 117.8)
(15573, 117.8)
(15574, 117.8)
(15575, 117.8)
(15576, 117.8)
(15577, 117.8)
(15578, 117.8)
(15579, 117.8)
(15580, 117.8)
(15581, 117.8)
(15582, 117.8)
(15583, 117.8)
(15584, 117.8)
(15585, 117.8)
(15586, 117.8)
(15587, 117.8)
(15588, 117.8)
(15589, 117.8)
(15590, 117.8)
(15591, 117.8)
(15592, 117.8)
(15593, 117.8)
(15594, 117.8)
(15595, 117.8)
(10175, 117.21428571428571)
(10176, 117.21428571428571)
(10177, 117.21428571428571)
(10178, 117.21428571428571)
(10179, 117.21428571428571)
(10180, 117.21428571428571)
(10181, 117.21428571428571)
(10182, 117.21428571428571)
(10183, 117.21428571428571)
(10184, 117.21428571428571)
(10185, 117.21428571428571)
(10186, 117.21428571428571)
(10187, 117.21428571428571)
(10188, 117.21428571428571)
(10189, 117.21428571428571)
(10190, 117.21428571428571)
(10191, 117.21428571428571)
(10192, 117.21428571428571)
(10193, 117.21428571428571)
(10194, 117.21428571428571)
(10195, 117.21428571428571)
(10196, 117.21428571428571)
(10197, 117.21428571428571)
(10198, 117.21428571428571)
(10199, 117.21428571428571)
(10200, 117.21428571428571)
(10201, 117.21428571428571)
(10202, 117.21428571428571)
(10203, 117.21428571428571)
(10204, 117.21428571428571)
(10205, 117.21428571428571)
(10206, 117.21428571428571)
(10207, 117.21428571428571)
(10208, 117.21428571428571)
(10209, 117.21428571428571)
(10210, 117.21428571428571)
(10211, 117.21428571428571)
(10212, 117.21428571428571)
(10213, 117.21428571428571)
(10214, 117.21428571428571)
(10215, 117.21428571428571)
(10216, 117.21428571428571)
(10217, 117.21428571428571)
(10218, 117.21428571428571)
(10219, 117.21428571428571)
(10220, 117.21428571428571)
(10221, 117.21428571428571)
(10222, 117.21428571428571)
(10223, 117.21428571428571)
(10224, 117.21428571428571)
(10225, 117.21428571428571)
(10226, 117.21428571428571)
(10227, 117.21428571428571)
(10228, 117.21428571428571)
(10229, 117.21428571428571)
(10230, 117.21428571428571)
(10231, 117.21428571428571)
(10232, 117.21428571428571)
(10233, 117.21428571428571)
(10234, 117.21428571428571)
(10235, 117.21428571428571)
(10236, 117.21428571428571)
(10237, 117.21428571428571)
(10238, 117.21428571428571)
(10239, 117.21428571428571)
(10240, 117.21428571428571)
(10241, 117.21428571428571)
(10242, 117.21428571428571)
(10243, 117.21428571428571)
(10244, 117.21428571428571)
(10245, 117.21428571428571)
(10246, 117.21428571428571)
(10247, 117.21428571428571)
(10248, 117.21428571428571)
(10249, 117.21428571428571)
(10250, 117.21428571428571)
(10251, 117.21428571428571)
(10252, 117.21428571428571)
(10253, 117.21428571428571)
(10254, 117.21428571428571)
(10255, 117.21428571428571)
(10256, 117.21428571428571)
(10257, 117.21428571428571)
(10258, 117.21428571428571)
(10259, 117.21428571428571)
(10260, 117.21428571428571)
(10261, 117.21428571428571)
(10262, 117.21428571428571)
(10263, 117.21428571428571)
(10264, 117.21428571428571)
(10265, 117.21428571428571)
(10266, 117.21428571428571)
(10267, 117.21428571428571)
(10268, 117.21428571428571)
(10269, 117.21428571428571)
(10270, 117.21428571428571)
(10271, 117.21428571428571)
(10272, 117.21428571428571)
(10273, 117.21428571428571)
(10274, 117.21428571428571)
(10275, 117.21428571428571)
(10276, 117.21428571428571)
(10277, 117.21428571428571)
(10278, 117.21428571428571)
(10279, 117.21428571428571)
(10280, 117.21428571428571)
(10281, 117.21428571428571)
(10282, 117.21428571428571)
(10283, 117.21428571428571)
(10284, 117.21428571428571)
(10285, 117.21428571428571)
(10286, 117.21428571428571)
(10287, 117.21428571428571)
(10288, 117.21428571428571)
(10289, 117.21428571428571)
(10290, 117.21428571428571)
(10291, 117.21428571428571)
(10292, 117.21428571428571)
(10293, 117.21428571428571)
(10294, 117.21428571428571)
(11759, 116.5)
(11760, 116.5)
(11761, 116.5)
(11762, 116.5)
(11763, 116.5)
(11764, 116.5)
(11765, 116.5)
(11766, 116.5)
(11767, 116.5)
(11768, 116.5)
(11769, 116.5)
(11770, 116.5)
(11771, 116.5)
(11772, 116.5)
(11773, 116.5)
(11774, 116.5)
(11775, 116.5)
(11776, 116.5)
(11777, 116.5)
(11778, 116.5)
(11779, 116.5)
(11780, 116.5)
(11781, 116.5)
(11782, 116.5)
(11783, 116.5)
(11784, 116.5)
(11785, 116.5)
(11786, 116.5)
(11787, 116.5)
(11788, 116.5)
(11789, 116.5)
(11790, 116.5)
(11791, 116.5)
(11792, 116.5)
(11793, 116.5)
(11794, 116.5)
(11795, 116.5)
(11796, 116.5)
(11797, 116.5)
(11798, 116.5)
(11799, 116.5)
(11800, 116.5)
(11801, 116.5)
(11802, 116.5)
(11803, 116.5)
(11804, 116.5)
(11805, 116.5)
(11806, 116.5)
(11807, 116.5)
(11808, 116.5)
(11809, 116.5)
(11810, 116.5)
(11811, 116.5)
(11812, 116.5)
(11813, 116.5)
(11814, 116.5)
(11815, 116.5)
(11816, 116.5)
(11817, 116.5)
(11818, 116.5)
(11819, 116.5)
(11820, 116.5)
(11821, 116.5)
(11822, 116.5)
(11823, 116.5)
(11824, 116.5)
(11825, 116.5)
(11826, 116.5)
(11827, 116.5)
(11828, 116.5)
(11829, 116.5)
(11830, 116.5)
(11831, 116.5)
(11832, 116.5)
(11833, 116.5)
(11834, 116.5)
(11835, 116.5)
(11836, 116.5)
(11837, 116.5)
(11838, 116.5)
(11839, 116.5)
(11840, 116.5)
(11841, 116.5)
(11842, 116.5)
(11843, 116.5)
(11844, 116.5)
(11845, 116.5)
(11846, 116.5)
(11847, 116.5)
(11848, 116.5)
(11849, 116.5)
(11850, 116.5)
(11851, 116.5)
(11852, 116.5)
(11853, 116.5)
(11854, 116.5)
(11855, 116.5)
(11856, 116.5)
(11857, 116.5)
(11858, 116.5)
(11859, 116.5)
(11860, 116.5)
(11861, 116.5)
(11862, 116.5)
(11863, 116.5)
(11864, 116.5)
(11865, 116.5)
(11866, 116.5)
(11867, 116.5)
(11868, 116.5)
(11869, 116.5)
(11870, 116.5)
(11871, 116.5)
(11872, 116.5)
(11873, 116.5)
(11874, 116.5)
(11875, 116.5)
(11876, 116.5)
(11877, 116.5)
(11878, 116.5)
(11879, 116.5)
(11880, 116.5)
(11881, 116.5)
(11882, 116.5)
(11883, 116.5)
(11884, 116.5)
(11885, 116.5)
(11886, 116.5)
(11887, 116.5)
(11888, 116.5)
(11889, 116.5)
(11890, 116.5)
(11891, 116.5)
(11892, 116.5)
(11893, 116.5)
(11894, 116.5)
(11895, 116.5)
(11896, 116.5)
(11897, 116.5)
(11898, 116.5)
(11899, 116.5)
(11900, 116.5)
(11901, 116.5)
(11902, 116.5)
(11903, 116.5)
(11904, 116.5)
(11905, 116.5)
(11906, 116.5)
(11907, 116.5)
(11908, 116.5)
(11909, 116.5)
(11910, 116.5)
(11911, 116.5)
(11912, 116.5)
(10868, 116.0)
(10869, 116.0)
(10870, 116.0)
(10871, 116.0)
(10872, 116.0)
(10873, 116.0)
(10874, 116.0)
(10875, 116.0)
(10876, 116.0)
(10877, 116.0)
(10878, 116.0)
(10879, 116.0)
(10880, 116.0)
(10881, 116.0)
(10882, 116.0)
(10883, 116.0)
(10884, 116.0)
(10885, 116.0)
(10886, 116.0)
(10887, 116.0)
(10888, 116.0)
(10889, 116.0)
(10890, 116.0)
(10891, 116.0)
(10892, 116.0)
(10893, 116.0)
(10894, 116.0)
(10895, 116.0)
(10896, 116.0)
(10897, 116.0)
(10898, 116.0)
(10899, 116.0)
(10900, 116.0)
(10901, 116.0)
(10902, 116.0)
(10903, 116.0)
(10904, 116.0)
(10905, 116.0)
(10906, 116.0)
(10907, 116.0)
(10908, 116.0)
(10909, 116.0)
(10910, 116.0)
(10911, 116.0)
(10912, 116.0)
(10913, 116.0)
(10914, 116.0)
(10915, 116.0)
(10916, 116.0)
(10917, 116.0)
(10918, 116.0)
(10919, 116.0)
(10920, 116.0)
(10921, 116.0)
(10922, 116.0)
(10923, 116.0)
(10924, 116.0)
(10925, 116.0)
(10926, 116.0)
(10927, 116.0)
(10928, 116.0)
(10929, 116.0)
(10930, 116.0)
(10931, 116.0)
(10932, 116.0)
(10933, 116.0)
(10934, 116.0)
(10935, 116.0)
(10936, 116.0)
(10937, 116.0)
(10938, 116.0)
(10939, 116.0)
(10940, 116.0)
(10941, 116.0)
(10942, 116.0)
(10943, 116.0)
(10944, 116.0)
(10945, 116.0)
(10946, 116.0)
(10947, 116.0)
(10948, 116.0)
(10949, 116.0)
(10950, 116.0)
(10951, 116.0)
(10952, 116.0)
(10953, 116.0)
(10954, 116.0)
(10955, 116.0)
(10956, 116.0)
(10957, 116.0)
(10958, 116.0)
(10959, 116.0)
(10960, 116.0)
(10961, 116.0)
(13845, 115.66666666666667)
(13846, 115.66666666666667)
(13847, 115.66666666666667)
(13848, 115.66666666666667)
(13849, 115.66666666666667)
(13850, 115.66666666666667)
(13851, 115.66666666666667)
(7448, 115.45454545454545)
(7449, 115.45454545454545)
(7450, 115.45454545454545)
(7451, 115.45454545454545)
(7452, 115.45454545454545)
(7453, 115.45454545454545)
(7454, 115.45454545454545)
(7455, 115.45454545454545)
(7456, 115.45454545454545)
(7457, 115.45454545454545)
(7458, 115.45454545454545)
(7459, 115.45454545454545)
(7460, 115.45454545454545)
(7461, 115.45454545454545)
(7462, 115.45454545454545)
(7463, 115.45454545454545)
(7464, 115.45454545454545)
(7465, 115.45454545454545)
(7466, 115.45454545454545)
(7467, 115.45454545454545)
(7468, 115.45454545454545)
(7469, 115.45454545454545)
(7470, 115.45454545454545)
(7471, 115.45454545454545)
(7472, 115.45454545454545)
(7473, 115.45454545454545)
(7474, 115.45454545454545)
(13769, 114.1)
(13770, 114.1)
(13771, 114.1)
(13772, 114.1)
(13773, 114.1)
(13774, 114.1)
(13775, 114.1)
(13776, 114.1)
(13777, 114.1)
(13778, 114.1)
(13779, 114.1)
(13780, 114.1)
(13781, 114.1)
(13782, 114.1)
(13783, 114.1)
(13784, 114.1)
(13785, 114.1)
(13786, 114.1)
(13787, 114.1)
(13788, 114.1)
(13789, 114.1)
(13790, 114.1)
(13791, 114.1)
(13792, 114.1)
(13793, 114.1)
(13794, 114.1)
(13795, 114.1)
(13796, 114.1)
(13797, 114.1)
(13798, 114.1)
(13799, 114.1)
(13800, 114.1)
(13801, 114.1)
(13802, 114.1)
(13803, 114.1)
(13804, 114.1)
(13805, 114.1)
(13806, 114.1)
(13807, 114.1)
(13808, 114.1)
(13809, 114.1)
(13810, 114.1)
(13811, 114.1)
(15700, 113.8)
(15701, 113.8)
(15702, 113.8)
(15703, 113.8)
(15704, 113.8)
(15705, 113.8)
(15706, 113.8)
(15707, 113.8)
(15708, 113.8)
(15709, 113.8)
(15710, 113.8)
(15711, 113.8)
(15712, 113.8)
(15713, 113.8)
(15714, 113.8)
(15715, 113.8)
(15716, 113.8)
(15717, 113.8)
(15718, 113.8)
(15719, 113.8)
(15720, 113.8)
(15721, 113.8)
(15722, 113.8)
(15723, 113.8)
(15724, 113.8)
(15725, 113.8)
(15726, 113.8)
(15727, 113.8)
(15728, 113.8)
(15729, 113.8)
(15730, 113.8)
(15731, 113.8)
(15732, 113.8)
(15733, 113.8)
(15734, 113.8)
(15735, 113.8)
(15736, 113.8)
(15737, 113.8)
(15738, 113.8)
(15739, 113.8)
(15740, 113.8)
(15741, 113.8)
(15742, 113.8)
(15743, 113.8)
(15744, 113.8)
(15745, 113.8)
(15746, 113.8)
(15747, 113.8)
(15748, 113.8)
(15749, 113.8)
(15750, 113.8)
(15751, 113.8)
(15752, 113.8)
(15753, 113.8)
(15754, 113.8)
(15755, 113.8)
(15756, 113.8)
(15757, 113.8)
(15758, 113.8)
(15759, 113.8)
(15760, 113.8)
(15761, 113.8)
(15762, 113.8)
(15763, 113.8)
(15764, 113.8)
(15765, 113.8)
(15766, 113.8)
(15767, 113.8)
(15768, 113.8)
(15769, 113.8)
(15770, 113.8)
(15771, 113.8)
(15772, 113.8)
(15773, 113.8)
(15774, 113.8)
(15775, 113.8)
(15776, 113.8)
(15777, 113.8)
(15778, 113.8)
(15779, 113.8)
(15780, 113.8)
(15781, 113.8)
(15782, 113.8)
(15783, 113.8)
(15784, 113.8)
(15785, 113.8)
(15786, 113.8)
(15787, 113.8)
(15788, 113.8)
(15789, 113.8)
(15790, 113.8)
(15791, 113.8)
(15792, 113.8)
(15793, 113.8)
(14673, 109.7)
(5760, 108.0)
(5761, 108.0)
(5762, 108.0)
(5763, 108.0)
(5764, 108.0)
(5765, 108.0)
(5766, 108.0)
(5767, 108.0)
(5768, 108.0)
(5769, 108.0)
(5770, 108.0)
(5771, 108.0)
(5772, 108.0)
(5773, 108.0)
(5774, 108.0)
(5775, 108.0)
(5776, 108.0)
(5777, 108.0)
(5778, 108.0)
(5779, 108.0)
(5780, 108.0)
(5781, 108.0)
(5782, 108.0)
(5783, 108.0)
(5784, 108.0)
(5785, 108.0)
(5786, 108.0)
(5787, 108.0)
(5788, 108.0)
(5789, 108.0)
(5790, 108.0)
(5791, 108.0)
(5792, 108.0)
(5793, 108.0)
(5794, 108.0)
(5795, 108.0)
(5796, 108.0)
(5797, 108.0)
(5798, 108.0)
(5799, 108.0)
(5800, 108.0)
(5801, 108.0)
(5802, 108.0)
(5803, 108.0)
(5804, 108.0)
(5805, 108.0)
(5806, 108.0)
(5807, 108.0)
(5808, 108.0)
(5809, 108.0)
(5810, 108.0)
(5811, 108.0)
(5812, 108.0)
(5813, 108.0)
(5814, 108.0)
(5815, 108.0)
(5816, 108.0)
(5817, 108.0)
(5818, 108.0)
(5819, 108.0)
(5820, 108.0)
(5821, 108.0)
(5822, 108.0)
(5823, 108.0)
(5824, 108.0)
(5825, 108.0)
(5826, 108.0)
(5827, 108.0)
(5828, 108.0)
(5829, 108.0)
(5830, 108.0)
(5831, 108.0)
(5832, 108.0)
(5833, 108.0)
(5834, 108.0)
(5835, 108.0)
(5836, 108.0)
(5837, 108.0)
(5838, 108.0)
(5839, 108.0)
(5840, 108.0)
(5841, 108.0)
(5842, 108.0)
(5843, 108.0)
(5844, 108.0)
(5845, 108.0)
(5846, 108.0)
(5847, 108.0)
(5848, 108.0)
(5849, 108.0)
(5850, 108.0)
(5851, 108.0)
(5852, 108.0)
(5853, 108.0)
(11415, 107.14285714285714)
(11416, 107.14285714285714)
(11417, 107.14285714285714)
(11418, 107.14285714285714)
(11419, 107.14285714285714)
(11420, 107.14285714285714)
(11421, 107.14285714285714)
(10847, 106.42857142857143)
(10848, 106.42857142857143)
(10849, 106.42857142857143)
(10850, 106.42857142857143)
(10851, 106.42857142857143)
(10852, 106.42857142857143)
(10853, 106.42857142857143)
(10854, 106.42857142857143)
(10855, 106.42857142857143)
(10856, 106.42857142857143)
(10857, 106.42857142857143)
(10858, 106.42857142857143)
(10859, 106.42857142857143)
(10860, 106.42857142857143)
(10861, 106.42857142857143)
(10862, 106.42857142857143)
(10863, 106.42857142857143)
(10864, 106.42857142857143)
(10865, 106.42857142857143)
(10866, 106.42857142857143)
(10867, 106.42857142857143)
(14884, 106.22222222222223)
(14885, 106.22222222222223)
(14886, 106.22222222222223)
(11048, 104.88235294117646)
(11049, 104.88235294117646)
(11050, 104.88235294117646)
(11051, 104.88235294117646)
(11052, 104.88235294117646)
(11053, 104.88235294117646)
(11054, 104.88235294117646)
(11055, 104.88235294117646)
(11056, 104.88235294117646)
(11057, 104.88235294117646)
(11058, 104.88235294117646)
(11059, 104.88235294117646)
(11060, 104.88235294117646)
(11061, 104.88235294117646)
(11062, 104.88235294117646)
(11063, 104.88235294117646)
(11064, 104.88235294117646)
(11065, 104.88235294117646)
(11066, 104.88235294117646)
(11067, 104.88235294117646)
(11068, 104.88235294117646)
(11069, 104.88235294117646)
(11070, 104.88235294117646)
(11071, 104.88235294117646)
(11072, 104.88235294117646)
(11073, 104.88235294117646)
(11074, 104.88235294117646)
(11075, 104.88235294117646)
(11076, 104.88235294117646)
(11077, 104.88235294117646)
(11078, 104.88235294117646)
(11079, 104.88235294117646)
(11080, 104.88235294117646)
(11081, 104.88235294117646)
(11082, 104.88235294117646)
(11083, 104.88235294117646)
(11084, 104.88235294117646)
(11085, 104.88235294117646)
(11086, 104.88235294117646)
(11087, 104.88235294117646)
(11088, 104.88235294117646)
(11089, 104.88235294117646)
(11090, 104.88235294117646)
(11091, 104.88235294117646)
(11092, 104.88235294117646)
(11093, 104.88235294117646)
(11094, 104.88235294117646)
(11095, 104.88235294117646)
(11096, 104.88235294117646)
(11097, 104.88235294117646)
(11098, 104.88235294117646)
(11099, 104.88235294117646)
(11100, 104.88235294117646)
(11101, 104.88235294117646)
(11102, 104.88235294117646)
(11103, 104.88235294117646)
(11104, 104.88235294117646)
(11105, 104.88235294117646)
(11106, 104.88235294117646)
(11107, 104.88235294117646)
(11111, 104.52631578947368)
(11112, 104.52631578947368)
(11113, 104.52631578947368)
(10982, 103.46666666666667)
(10983, 103.46666666666667)
(10984, 103.46666666666667)
(10985, 103.46666666666667)
(10986, 103.46666666666667)
(10987, 103.46666666666667)
(9831, 103.45454545454545)
(9832, 103.45454545454545)
(9833, 103.45454545454545)
(9834, 103.45454545454545)
(9835, 103.45454545454545)
(9836, 103.45454545454545)
(9837, 103.45454545454545)
(9838, 103.45454545454545)
(9839, 103.45454545454545)
(9840, 103.45454545454545)
(9841, 103.45454545454545)
(9842, 103.45454545454545)
(9843, 103.45454545454545)
(9844, 103.45454545454545)
(9845, 103.45454545454545)
(9846, 103.45454545454545)
(9847, 103.45454545454545)
(9848, 103.45454545454545)
(9849, 103.45454545454545)
(9850, 103.45454545454545)
(9851, 103.45454545454545)
(9852, 103.45454545454545)
(9853, 103.45454545454545)
(9854, 103.45454545454545)
(9855, 103.45454545454545)
(9856, 103.45454545454545)
(9857, 103.45454545454545)
(9858, 103.45454545454545)
(9859, 103.45454545454545)
(9860, 103.45454545454545)
(9861, 103.45454545454545)
(9862, 103.45454545454545)
(9863, 103.45454545454545)
(9864, 103.45454545454545)
(9865, 103.45454545454545)
(9866, 103.45454545454545)
(9867, 103.45454545454545)
(9868, 103.45454545454545)
(9869, 103.45454545454545)
(9870, 103.45454545454545)
(9871, 103.45454545454545)
(9872, 103.45454545454545)
(9873, 103.45454545454545)
(9874, 103.45454545454545)
(9875, 103.45454545454545)
(9876, 103.45454545454545)
(9877, 103.45454545454545)
(9878, 103.45454545454545)
(9879, 103.45454545454545)
(9880, 103.45454545454545)
(9881, 103.45454545454545)
(9882, 103.45454545454545)
(9883, 103.45454545454545)
(9884, 103.45454545454545)
(9885, 103.45454545454545)
(9886, 103.45454545454545)
(9887, 103.45454545454545)
(9888, 103.45454545454545)
(9889, 103.45454545454545)
(9890, 103.45454545454545)
(9891, 103.45454545454545)
(9892, 103.45454545454545)
(9893, 103.45454545454545)
(9894, 103.45454545454545)
(9895, 103.45454545454545)
(9896, 103.45454545454545)
(9897, 103.45454545454545)
(9898, 103.45454545454545)
(9899, 103.45454545454545)
(9900, 103.45454545454545)
(9901, 103.45454545454545)
(9902, 103.45454545454545)
(9903, 103.45454545454545)
(9904, 103.45454545454545)
(9905, 103.45454545454545)
(9906, 103.45454545454545)
(9907, 103.45454545454545)
(9908, 103.45454545454545)
(9909, 103.45454545454545)
(9910, 103.45454545454545)
(9911, 103.45454545454545)
(9912, 103.45454545454545)
(14876, 103.33333333333333)
(14877, 103.33333333333333)
(14878, 103.33333333333333)
(14879, 103.33333333333333)
(14880, 103.33333333333333)
(14881, 103.33333333333333)
(14882, 103.33333333333333)
(14883, 103.33333333333333)
(15261, 99.45454545454545)
(15262, 99.45454545454545)
(15263, 99.45454545454545)
(15264, 99.45454545454545)
(15265, 99.45454545454545)
(15266, 99.45454545454545)
(15267, 99.45454545454545)
(15268, 99.45454545454545)
(15269, 99.45454545454545)
(15270, 99.45454545454545)
(15271, 99.45454545454545)
(15272, 99.45454545454545)
(15273, 99.45454545454545)
(15274, 99.45454545454545)
(15275, 99.45454545454545)
(15276, 99.45454545454545)
(15277, 99.45454545454545)
(15278, 99.45454545454545)
(15279, 99.45454545454545)
(15280, 99.45454545454545)
(15281, 99.45454545454545)
(15282, 99.45454545454545)
(15283, 99.45454545454545)
(15284, 99.45454545454545)
(15285, 99.45454545454545)
(15286, 99.45454545454545)
(15287, 99.45454545454545)
(15288, 99.45454545454545)
(15289, 99.45454545454545)
(15290, 99.45454545454545)
(15291, 99.45454545454545)
(15292, 99.45454545454545)
(15293, 99.45454545454545)
(15294, 99.45454545454545)
(15295, 99.45454545454545)
(15296, 99.45454545454545)
(15297, 99.45454545454545)
(15298, 99.45454545454545)
(15299, 99.45454545454545)
(15300, 99.45454545454545)
(15301, 99.45454545454545)
(15302, 99.45454545454545)
(15303, 99.45454545454545)
(15304, 99.45454545454545)
(15305, 99.45454545454545)
(15306, 99.45454545454545)
(15307, 99.45454545454545)
(15308, 99.45454545454545)
(15309, 99.45454545454545)
(15310, 99.45454545454545)
(12156, 99.3)
(12157, 99.3)
(12158, 99.3)
(12159, 99.3)
(12160, 99.3)
(12161, 99.3)
(12162, 99.3)
(12163, 99.3)
(12164, 99.3)
(12165, 99.3)
(12166, 99.3)
(12167, 99.3)
(12168, 99.3)
(12169, 99.3)
(12170, 99.3)
(12171, 99.3)
(12172, 99.3)
(12173, 99.3)
(12174, 99.3)
(12175, 99.3)
(12176, 99.3)
(12177, 99.3)
(12178, 99.3)
(12179, 99.3)
(12006, 98.66666666666667)
(12007, 98.66666666666667)
(12008, 98.66666666666667)
(12009, 98.66666666666667)
(12010, 98.66666666666667)
(12011, 98.66666666666667)
(12012, 98.66666666666667)
(12013, 98.66666666666667)
(12014, 98.66666666666667)
(12015, 98.66666666666667)
(12016, 98.66666666666667)
(12017, 98.66666666666667)
(12018, 98.66666666666667)
(12019, 98.66666666666667)
(12020, 98.66666666666667)
(12021, 98.66666666666667)
(12022, 98.66666666666667)
(12023, 98.66666666666667)
(12024, 98.66666666666667)
(12025, 98.66666666666667)
(12026, 98.66666666666667)
(12027, 98.66666666666667)
(12028, 98.66666666666667)
(12029, 98.66666666666667)
(12030, 98.66666666666667)
(12031, 98.66666666666667)
(12032, 98.66666666666667)
(5854, 96.75)
(5855, 96.75)
(5856, 96.75)
(5857, 96.75)
(5858, 96.75)
(5859, 96.75)
(5860, 96.75)
(5861, 96.75)
(5862, 96.75)
(5863, 96.75)
(5864, 96.75)
(5865, 96.75)
(5866, 96.75)
(5867, 96.75)
(5868, 96.75)
(5869, 96.75)
(5870, 96.75)
(5871, 96.75)
(5872, 96.75)
(5873, 96.75)
(5874, 96.75)
(5875, 96.75)
(5876, 96.75)
(5877, 96.75)
(5878, 96.75)
(5879, 96.75)
(5880, 96.75)
(5881, 96.75)
(5882, 96.75)
(5883, 96.75)
(5884, 96.75)
(5885, 96.75)
(5886, 96.75)
(5887, 96.75)
(5888, 96.75)
(5889, 96.75)
(5890, 96.75)
(5891, 96.75)
(5892, 96.75)
(5893, 96.75)
(5894, 96.75)
(5895, 96.75)
(5896, 96.75)
(5897, 96.75)
(5898, 96.75)
(5899, 96.75)
(5900, 96.75)
(5901, 96.75)
(5902, 96.75)
(5903, 96.75)
(5904, 96.75)
(5905, 96.75)
(5906, 96.75)
(5907, 96.75)
(5908, 96.75)
(5909, 96.75)
(5910, 96.75)
(5911, 96.75)
(5912, 96.75)
(5913, 96.75)
(5914, 96.75)
(5915, 96.75)
(5916, 96.75)
(5917, 96.75)
(5918, 96.75)
(5919, 96.75)
(5920, 96.75)
(5921, 96.75)
(5922, 96.75)
(5923, 96.75)
(5924, 96.75)
(5925, 96.75)
(5926, 96.75)
(5927, 96.75)
(5928, 96.75)
(5929, 96.75)
(5930, 96.75)
(5931, 96.75)
(5932, 96.75)
(5933, 96.75)
(5934, 96.75)
(5935, 96.75)
(5936, 96.75)
(5937, 96.75)
(5938, 96.75)
(5939, 96.75)
(5940, 96.75)
(5941, 96.75)
(5942, 96.75)
(5943, 96.75)
(5944, 96.75)
(5945, 96.75)
(5946, 96.75)
(5947, 96.75)
(5948, 96.75)
(5949, 96.75)
(5950, 96.75)
(5951, 96.75)
(5952, 96.75)
(5953, 96.75)
(5954, 96.75)
(5955, 96.75)
(5956, 96.75)
(5957, 96.75)
(5958, 96.75)
(5959, 96.75)
(5960, 96.75)
(5961, 96.75)
(5962, 96.75)
(5963, 96.75)
(5964, 96.75)
(5965, 96.75)
(5966, 96.75)
(5967, 96.75)
(5968, 96.75)
(5969, 96.75)
(5970, 96.75)
(5971, 96.75)
(5972, 96.75)
(5973, 96.75)
(5974, 96.75)
(5975, 96.75)
(5976, 96.75)
(5977, 96.75)
(5978, 96.75)
(5979, 96.75)
(5980, 96.75)
(5981, 96.75)
(5982, 96.75)
(5983, 96.75)
(5984, 96.75)
(5985, 96.75)
(5986, 96.75)
(5987, 96.75)
(5988, 96.75)
(5989, 96.75)
(5990, 96.75)
(5991, 96.75)
(5992, 96.75)
(5993, 96.75)
(5994, 96.75)
(5995, 96.75)
(5996, 96.75)
(5997, 96.75)
(11260, 95.95)
(11261, 95.95)
(11262, 95.95)
(11263, 95.95)
(11264, 95.95)
(11265, 95.95)
(11266, 95.95)
(11267, 95.95)
(11268, 95.95)
(11269, 95.95)
(11270, 95.95)
(11271, 95.95)
(11272, 95.95)
(11273, 95.95)
(11274, 95.95)
(11275, 95.95)
(11276, 95.95)
(11277, 95.95)
(11278, 95.95)
(11279, 95.95)
(13543, 94.18181818181819)
(13544, 94.18181818181819)
(13545, 94.18181818181819)
(13423, 90.23529411764706)
(13424, 90.23529411764706)
(13425, 90.23529411764706)
(13426, 90.23529411764706)
(13427, 90.23529411764706)
(13428, 90.23529411764706)
(13429, 90.23529411764706)
(13430, 90.23529411764706)
(13431, 90.23529411764706)
(13432, 90.23529411764706)
(13433, 90.23529411764706)
(13434, 90.23529411764706)
(13435, 90.23529411764706)
(13436, 90.23529411764706)
(13437, 90.23529411764706)
(13438, 90.23529411764706)
(13439, 90.23529411764706)
(13440, 90.23529411764706)
(13441, 90.23529411764706)
(13442, 90.23529411764706)
(13443, 90.23529411764706)
(13444, 90.23529411764706)
(13445, 90.23529411764706)
(13446, 90.23529411764706)
(13447, 90.23529411764706)
(13448, 90.23529411764706)
(13449, 90.23529411764706)
(13450, 90.23529411764706)
(11622, 87.14285714285715)
(10043, 86.23076923076923)
(10044, 86.23076923076923)
(10045, 86.23076923076923)
(10046, 86.23076923076923)
(10047, 86.23076923076923)
(10048, 86.23076923076923)
(10049, 86.23076923076923)
(10050, 86.23076923076923)
(10051, 86.23076923076923)
(10052, 86.23076923076923)
(10053, 86.23076923076923)
(10054, 86.23076923076923)
(10055, 86.23076923076923)
(10056, 86.23076923076923)
(10057, 86.23076923076923)
(10058, 86.23076923076923)
(10059, 86.23076923076923)
(10060, 86.23076923076923)
(10061, 86.23076923076923)
(10062, 86.23076923076923)
(10063, 86.23076923076923)
(10064, 86.23076923076923)
(10065, 86.23076923076923)
(10066, 86.23076923076923)
(10067, 86.23076923076923)
(10068, 86.23076923076923)
(10069, 86.23076923076923)
(10070, 86.23076923076923)
(10071, 86.23076923076923)
(10072, 86.23076923076923)
(10073, 86.23076923076923)
(10074, 86.23076923076923)
(10075, 86.23076923076923)
(10076, 86.23076923076923)
(10077, 86.23076923076923)
(10078, 86.23076923076923)
(10079, 86.23076923076923)
(10080, 86.23076923076923)
(10081, 86.23076923076923)
(10082, 86.23076923076923)
(10083, 86.23076923076923)
(10084, 86.23076923076923)
(10085, 86.23076923076923)
(10086, 86.23076923076923)
(10087, 86.23076923076923)
(10088, 86.23076923076923)
(10089, 86.23076923076923)
(10090, 86.23076923076923)
(10091, 86.23076923076923)
(10092, 86.23076923076923)
(10093, 86.23076923076923)
(10094, 86.23076923076923)
(10095, 86.23076923076923)
(10096, 86.23076923076923)
(10097, 86.23076923076923)
(10098, 86.23076923076923)
(10099, 86.23076923076923)
(10100, 86.23076923076923)
(10101, 86.23076923076923)
(10102, 86.23076923076923)
(10103, 86.23076923076923)
(10104, 86.23076923076923)
(10105, 86.23076923076923)
(10106, 86.23076923076923)
(10107, 86.23076923076923)
(10108, 86.23076923076923)
(10109, 86.23076923076923)
(10110, 86.23076923076923)
(10111, 86.23076923076923)
(10112, 86.23076923076923)
(10113, 86.23076923076923)
(10114, 86.23076923076923)
(10115, 86.23076923076923)
(10116, 86.23076923076923)
(10117, 86.23076923076923)
(10118, 86.23076923076923)
(10119, 86.23076923076923)
(10120, 86.23076923076923)
(10121, 86.23076923076923)
(10122, 86.23076923076923)
(10123, 86.23076923076923)
(10124, 86.23076923076923)
(10125, 86.23076923076923)
(10126, 86.23076923076923)
(10127, 86.23076923076923)
(10128, 86.23076923076923)
(10129, 86.23076923076923)
(10130, 86.23076923076923)
(10131, 86.23076923076923)
(10132, 86.23076923076923)
(10133, 86.23076923076923)
(10134, 86.23076923076923)
(10135, 86.23076923076923)
(10136, 86.23076923076923)
(10137, 86.23076923076923)
(10138, 86.23076923076923)
(10139, 86.23076923076923)
(10140, 86.23076923076923)
(10141, 86.23076923076923)
(10142, 86.23076923076923)
(10143, 86.23076923076923)
(10144, 86.23076923076923)
(10145, 86.23076923076923)
(10146, 86.23076923076923)
(10147, 86.23076923076923)
(10148, 86.23076923076923)
(10149, 86.23076923076923)
(10150, 86.23076923076923)
(10151, 86.23076923076923)
(10152, 86.23076923076923)
(10153, 86.23076923076923)
(10154, 86.23076923076923)
(10155, 86.23076923076923)
(10156, 86.23076923076923)
(10157, 86.23076923076923)
(10158, 86.23076923076923)
(10159, 86.23076923076923)
(10160, 86.23076923076923)
(10161, 86.23076923076923)
(10162, 86.23076923076923)
(10163, 86.23076923076923)
(10164, 86.23076923076923)
(10165, 86.23076923076923)
(10166, 86.23076923076923)
(10167, 86.23076923076923)
(10168, 86.23076923076923)
(10169, 86.23076923076923)
(10170, 86.23076923076923)
(10171, 86.23076923076923)
(10172, 86.23076923076923)
(10173, 86.23076923076923)
(10174, 86.23076923076923)
(7174, 85.47826086956522)
(7175, 85.47826086956522)
(7475, 85.47619047619048)
(7476, 85.47619047619048)
(7477, 85.47619047619048)
(7478, 85.47619047619048)
(7479, 85.47619047619048)
(7480, 85.47619047619048)
(7481, 85.47619047619048)
(7482, 85.47619047619048)
(7483, 85.47619047619048)
(7484, 85.47619047619048)
(7485, 85.47619047619048)
(7486, 85.47619047619048)
(7487, 85.47619047619048)
(7488, 85.47619047619048)
(7489, 85.47619047619048)
(7490, 85.47619047619048)
(7491, 85.47619047619048)
(7492, 85.47619047619048)
(7493, 85.47619047619048)
(7494, 85.47619047619048)
(7495, 85.47619047619048)
(7496, 85.47619047619048)
(7497, 85.47619047619048)
(7498, 85.47619047619048)
(7499, 85.47619047619048)
(7500, 85.47619047619048)
(7501, 85.47619047619048)
(7502, 85.47619047619048)
(7503, 85.47619047619048)
(7504, 85.47619047619048)
(7505, 85.47619047619048)
(7506, 85.47619047619048)
(7507, 85.47619047619048)
(7508, 85.47619047619048)
(7509, 85.47619047619048)
(7510, 85.47619047619048)
(7511, 85.47619047619048)
(7512, 85.47619047619048)
(7513, 85.47619047619048)
(7514, 85.47619047619048)
(7515, 85.47619047619048)
(7516, 85.47619047619048)
(7517, 85.47619047619048)
(7518, 85.47619047619048)
(7519, 85.47619047619048)
(7520, 85.47619047619048)
(7521, 85.47619047619048)
(7522, 85.47619047619048)
(7523, 85.47619047619048)
(7524, 85.47619047619048)
(7525, 85.47619047619048)
(7526, 85.47619047619048)
(7527, 85.47619047619048)
(7528, 85.47619047619048)
(7529, 85.47619047619048)
(7530, 85.47619047619048)
(7531, 85.47619047619048)
(7532, 85.47619047619048)
(7533, 85.47619047619048)
(7534, 85.47619047619048)
(7535, 85.47619047619048)
(7536, 85.47619047619048)
(7537, 85.47619047619048)
(7538, 85.47619047619048)
(7539, 85.47619047619048)
(7540, 85.47619047619048)
(7541, 85.47619047619048)
(7542, 85.47619047619048)
(7543, 85.47619047619048)
(7544, 85.47619047619048)
(7545, 85.47619047619048)
(7546, 85.47619047619048)
(7547, 85.47619047619048)
(7548, 85.47619047619048)
(7549, 85.47619047619048)
(7550, 85.47619047619048)
(7551, 85.47619047619048)
(7552, 85.47619047619048)
(7553, 85.47619047619048)
(7554, 85.47619047619048)
(7555, 85.47619047619048)
(7556, 85.47619047619048)
(7557, 85.47619047619048)
(7558, 85.47619047619048)
(7559, 85.47619047619048)
(7560, 85.47619047619048)
(7561, 85.47619047619048)
(7562, 85.47619047619048)
(7563, 85.47619047619048)
(7564, 85.47619047619048)
(7565, 85.47619047619048)
(7566, 85.47619047619048)
(7567, 85.47619047619048)
(7568, 85.47619047619048)
(7569, 85.47619047619048)
(7570, 85.47619047619048)
(13819, 83.66666666666667)
(13820, 83.66666666666667)
(13821, 83.66666666666667)
(13822, 83.66666666666667)
(13823, 83.66666666666667)
(13824, 83.66666666666667)
(13825, 83.66666666666667)
(13826, 83.66666666666667)
(13827, 83.66666666666667)
(13828, 83.66666666666667)
(13829, 83.66666666666667)
(13830, 83.66666666666667)
(13831, 83.66666666666667)
(13832, 83.66666666666667)
(13833, 83.66666666666667)
(13834, 83.66666666666667)
(13835, 83.66666666666667)
(13836, 83.66666666666667)
(13837, 83.66666666666667)
(13838, 83.66666666666667)
(13839, 83.66666666666667)
(13840, 83.66666666666667)
(13841, 83.66666666666667)
(13842, 83.66666666666667)
(13843, 83.66666666666667)
(13844, 83.66666666666667)
(5742, 82.2)
(5743, 82.2)
(5744, 82.2)
(5745, 82.2)
(5746, 82.2)
(5747, 82.2)
(5748, 82.2)
(5749, 82.2)
(5750, 82.2)
(5751, 82.2)
(5752, 82.2)
(15311, 81.42857142857143)
(15312, 81.42857142857143)
(5600, 81.11111111111111)
(5601, 81.11111111111111)
(5602, 81.11111111111111)
(5603, 81.11111111111111)
(5604, 81.11111111111111)
(5605, 81.11111111111111)
(5606, 81.11111111111111)
(5607, 81.11111111111111)
(5608, 81.11111111111111)
(5609, 81.11111111111111)
(5610, 81.11111111111111)
(5611, 81.11111111111111)
(5612, 81.11111111111111)
(5613, 81.11111111111111)
(5614, 81.11111111111111)
(5615, 81.11111111111111)
(5616, 81.11111111111111)
(5617, 81.11111111111111)
(5618, 81.11111111111111)
(5619, 81.11111111111111)
(5620, 81.11111111111111)
(5621, 81.11111111111111)
(5622, 81.11111111111111)
(5623, 81.11111111111111)
(5624, 81.11111111111111)
(5625, 81.11111111111111)
(5626, 81.11111111111111)
(5627, 81.11111111111111)
(5628, 81.11111111111111)
(5629, 81.11111111111111)
(5630, 81.11111111111111)
(5631, 81.11111111111111)
(5632, 81.11111111111111)
(5633, 81.11111111111111)
(5634, 81.11111111111111)
(5635, 81.11111111111111)
(5636, 81.11111111111111)
(5637, 81.11111111111111)
(5638, 81.11111111111111)
(5639, 81.11111111111111)
(5640, 81.11111111111111)
(5641, 81.11111111111111)
(5642, 81.11111111111111)
(5643, 81.11111111111111)
(5644, 81.11111111111111)
(5645, 81.11111111111111)
(5646, 81.11111111111111)
(5647, 81.11111111111111)
(5648, 81.11111111111111)
(5649, 81.11111111111111)
(5650, 81.11111111111111)
(5651, 81.11111111111111)
(5652, 81.11111111111111)
(5653, 81.11111111111111)
(5654, 81.11111111111111)
(5655, 81.11111111111111)
(5656, 81.11111111111111)
(5657, 81.11111111111111)
(5658, 81.11111111111111)
(5659, 81.11111111111111)
(5660, 81.11111111111111)
(5661, 81.11111111111111)
(5662, 81.11111111111111)
(5663, 81.11111111111111)
(5664, 81.11111111111111)
(5665, 81.11111111111111)
(5666, 81.11111111111111)
(5667, 81.11111111111111)
(5668, 81.11111111111111)
(5669, 81.11111111111111)
(5670, 81.11111111111111)
(5671, 81.11111111111111)
(5672, 81.11111111111111)
(5673, 81.11111111111111)
(5674, 81.11111111111111)
(5675, 81.11111111111111)
(5676, 81.11111111111111)
(5677, 81.11111111111111)
(5678, 81.11111111111111)
(5679, 81.11111111111111)
(5680, 81.11111111111111)
(5681, 81.11111111111111)
(5682, 81.11111111111111)
(5683, 81.11111111111111)
(5684, 81.11111111111111)
(5685, 81.11111111111111)
(5686, 81.11111111111111)
(5687, 81.11111111111111)
(5688, 81.11111111111111)
(5689, 81.11111111111111)
(5690, 81.11111111111111)
(5691, 81.11111111111111)
(5692, 81.11111111111111)
(5693, 81.11111111111111)
(5694, 81.11111111111111)
(5695, 81.11111111111111)
(5696, 81.11111111111111)
(5697, 81.11111111111111)
(5698, 81.11111111111111)
(5699, 81.11111111111111)
(5700, 81.11111111111111)
(5701, 81.11111111111111)
(5702, 81.11111111111111)
(5703, 81.11111111111111)
(5704, 81.11111111111111)
(5705, 81.11111111111111)
(5706, 81.11111111111111)
(5707, 81.11111111111111)
(5708, 81.11111111111111)
(5709, 81.11111111111111)
(5710, 81.11111111111111)
(5711, 81.11111111111111)
(5712, 81.11111111111111)
(5713, 81.11111111111111)
(5714, 81.11111111111111)
(5715, 81.11111111111111)
(5716, 81.11111111111111)
(5717, 81.11111111111111)
(5718, 81.11111111111111)
(5719, 81.11111111111111)
(5720, 81.11111111111111)
(5721, 81.11111111111111)
(5722, 81.11111111111111)
(5723, 81.11111111111111)
(5724, 81.11111111111111)
(5725, 81.11111111111111)
(5726, 81.11111111111111)
(5727, 81.11111111111111)
(5728, 81.11111111111111)
(5729, 81.11111111111111)
(5730, 81.11111111111111)
(5731, 81.11111111111111)
(5732, 81.11111111111111)
(5733, 81.11111111111111)
(5734, 81.11111111111111)
(5735, 81.11111111111111)
(5736, 81.11111111111111)
(5737, 81.11111111111111)
(5738, 81.11111111111111)
(5739, 81.11111111111111)
(5740, 81.11111111111111)
(5741, 81.11111111111111)
(5144, 81.0)
(5145, 81.0)
(5146, 81.0)
(5147, 81.0)
(5148, 81.0)
(5149, 81.0)
(5150, 81.0)
(5151, 81.0)
(5152, 81.0)
(5153, 81.0)
(5154, 81.0)
(5155, 81.0)
(5156, 81.0)
(5157, 81.0)
(5158, 81.0)
(5159, 81.0)
(5160, 81.0)
(5161, 81.0)
(5162, 81.0)
(5163, 81.0)
(5164, 81.0)
(5165, 81.0)
(5166, 81.0)
(5167, 81.0)
(5168, 81.0)
(5169, 81.0)
(5170, 81.0)
(5171, 81.0)
(5172, 81.0)
(5173, 81.0)
(5174, 81.0)
(5175, 81.0)
(5176, 81.0)
(5177, 81.0)
(5178, 81.0)
(5179, 81.0)
(5180, 81.0)
(5181, 81.0)
(5182, 81.0)
(5183, 81.0)
(5184, 81.0)
(5185, 81.0)
(5186, 81.0)
(5187, 81.0)
(5188, 81.0)
(5189, 81.0)
(5190, 81.0)
(5191, 81.0)
(5192, 81.0)
(5193, 81.0)
(5194, 81.0)
(5195, 81.0)
(5196, 81.0)
(5197, 81.0)
(5198, 81.0)
(5199, 81.0)
(5200, 81.0)
(5201, 81.0)
(5202, 81.0)
(5203, 81.0)
(5204, 81.0)
(5205, 81.0)
(5206, 81.0)
(5207, 81.0)
(5208, 81.0)
(5209, 81.0)
(5210, 81.0)
(5211, 81.0)
(5212, 81.0)
(5213, 81.0)
(5214, 81.0)
(5215, 81.0)
(5216, 81.0)
(5217, 81.0)
(5218, 81.0)
(5219, 81.0)
(5220, 81.0)
(5221, 81.0)
(5222, 81.0)
(5223, 81.0)
(5224, 81.0)
(5225, 81.0)
(5226, 81.0)
(5227, 81.0)
(5228, 81.0)
(5229, 81.0)
(5230, 81.0)
(5231, 81.0)
(5232, 81.0)
(5233, 81.0)
(5234, 81.0)
(5235, 81.0)
(5236, 81.0)
(5237, 81.0)
(5238, 81.0)
(5239, 81.0)
(5240, 81.0)
(5241, 81.0)
(5242, 81.0)
(5243, 81.0)
(5244, 81.0)
(5245, 81.0)
(5246, 81.0)
(5247, 81.0)
(5248, 81.0)
(5249, 81.0)
(5250, 81.0)
(5251, 81.0)
(5252, 81.0)
(5253, 81.0)
(5254, 81.0)
(5255, 81.0)
(5256, 81.0)
(5257, 81.0)
(5258, 81.0)
(5259, 81.0)
(5260, 81.0)
(5261, 81.0)
(5262, 81.0)
(5263, 81.0)
(5264, 81.0)
(5265, 81.0)
(5266, 81.0)
(5267, 81.0)
(5268, 81.0)
(5269, 81.0)
(5270, 81.0)
(5271, 81.0)
(5272, 81.0)
(5273, 81.0)
(5274, 81.0)
(5275, 81.0)
(9913, 80.9)
(9914, 80.9)
(9915, 80.9)
(9916, 80.9)
(9917, 80.9)
(9918, 80.9)
(9919, 80.9)
(9920, 80.9)
(9921, 80.9)
(9922, 80.9)
(9923, 80.9)
(9924, 80.9)
(9925, 80.9)
(9926, 80.9)
(9927, 80.9)
(9928, 80.9)
(9929, 80.9)
(9930, 80.9)
(9931, 80.9)
(9932, 80.9)
(9933, 80.9)
(9934, 80.9)
(9935, 80.9)
(9936, 80.9)
(9937, 80.9)
(9938, 80.9)
(9939, 80.9)
(9940, 80.9)
(9941, 80.9)
(9942, 80.9)
(9943, 80.9)
(9944, 80.9)
(9945, 80.9)
(9946, 80.9)
(9947, 80.9)
(9948, 80.9)
(9949, 80.9)
(9950, 80.9)
(9951, 80.9)
(9952, 80.9)
(9953, 80.9)
(9954, 80.9)
(9955, 80.9)
(9956, 80.9)
(9957, 80.9)
(9958, 80.9)
(9959, 80.9)
(9960, 80.9)
(9961, 80.9)
(9962, 80.9)
(9963, 80.9)
(9964, 80.9)
(11681, 80.83333333333333)
(11682, 80.83333333333333)
(11683, 80.83333333333333)
(11684, 80.83333333333333)
(11685, 80.83333333333333)
(11686, 80.83333333333333)
(11687, 80.83333333333333)
(11688, 80.83333333333333)
(11689, 80.83333333333333)
(11690, 80.83333333333333)
(11691, 80.83333333333333)
(11692, 80.83333333333333)
(11693, 80.83333333333333)
(11694, 80.83333333333333)
(11695, 80.83333333333333)
(11696, 80.83333333333333)
(11697, 80.83333333333333)
(11698, 80.83333333333333)
(11699, 80.83333333333333)
(11700, 80.83333333333333)
(11701, 80.83333333333333)
(11702, 80.83333333333333)
(11703, 80.83333333333333)
(11704, 80.83333333333333)
(11705, 80.83333333333333)
(11706, 80.83333333333333)
(11707, 80.83333333333333)
(11708, 80.83333333333333)
(11709, 80.83333333333333)
(11710, 80.83333333333333)
(11711, 80.83333333333333)
(11712, 80.83333333333333)
(11713, 80.83333333333333)
(11714, 80.83333333333333)
(11715, 80.83333333333333)
(11716, 80.83333333333333)
(11717, 80.83333333333333)
(11718, 80.83333333333333)
(11719, 80.83333333333333)
(11720, 80.83333333333333)
(11721, 80.83333333333333)
(11722, 80.83333333333333)
(11723, 80.83333333333333)
(11724, 80.83333333333333)
(11725, 80.83333333333333)
(11726, 80.83333333333333)
(11727, 80.83333333333333)
(11728, 80.83333333333333)
(11729, 80.83333333333333)
(11730, 80.83333333333333)
(11731, 80.83333333333333)
(11732, 80.83333333333333)
(11733, 80.83333333333333)
(11734, 80.83333333333333)
(11735, 80.83333333333333)
(11736, 80.83333333333333)
(11737, 80.83333333333333)
(11738, 80.83333333333333)
(11739, 80.83333333333333)
(11740, 80.83333333333333)
(11741, 80.83333333333333)
(11742, 80.83333333333333)
(11743, 80.83333333333333)
(11744, 80.83333333333333)
(11745, 80.83333333333333)
(11746, 80.83333333333333)
(11747, 80.83333333333333)
(11748, 80.83333333333333)
(11749, 80.83333333333333)
(11750, 80.83333333333333)
(11751, 80.83333333333333)
(11752, 80.83333333333333)
(11753, 80.83333333333333)
(11754, 80.83333333333333)
(11755, 80.83333333333333)
(11756, 80.83333333333333)
(11757, 80.83333333333333)
(11758, 80.83333333333333)
(9592, 79.54545454545455)
(9593, 79.54545454545455)
(9594, 79.54545454545455)
(9595, 79.54545454545455)
(9596, 79.54545454545455)
(9597, 79.54545454545455)
(9598, 79.54545454545455)
(9599, 79.54545454545455)
(9600, 79.54545454545455)
(9601, 79.54545454545455)
(9602, 79.54545454545455)
(9603, 79.54545454545455)
(9604, 79.54545454545455)
(9605, 79.54545454545455)
(9606, 79.54545454545455)
(9607, 79.54545454545455)
(9608, 79.54545454545455)
(9609, 79.54545454545455)
(9610, 79.54545454545455)
(9611, 79.54545454545455)
(9612, 79.54545454545455)
(9613, 79.54545454545455)
(9614, 79.54545454545455)
(9615, 79.54545454545455)
(9616, 79.54545454545455)
(9617, 79.54545454545455)
(9618, 79.54545454545455)
(9619, 79.54545454545455)
(9620, 79.54545454545455)
(11119, 78.47619047619048)
(7813, 78.1)
(7814, 78.1)
(7815, 78.1)
(7816, 78.1)
(7817, 78.1)
(7818, 78.1)
(7819, 78.1)
(7820, 78.1)
(7821, 78.1)
(7822, 78.1)
(7823, 78.1)
(7824, 78.1)
(7825, 78.1)
(7826, 78.1)
(7827, 78.1)
(7828, 78.1)
(7829, 78.1)
(7830, 78.1)
(7831, 78.1)
(7832, 78.1)
(7833, 78.1)
(7834, 78.1)
(7835, 78.1)
(7836, 78.1)
(7837, 78.1)
(7838, 78.1)
(7839, 78.1)
(7840, 78.1)
(7841, 78.1)
(7842, 78.1)
(7843, 78.1)
(7844, 78.1)
(7845, 78.1)
(7846, 78.1)
(7847, 78.1)
(7848, 78.1)
(7849, 78.1)
(7850, 78.1)
(7851, 78.1)
(7852, 78.1)
(7853, 78.1)
(7854, 78.1)
(7855, 78.1)
(7856, 78.1)
(7857, 78.1)
(7858, 78.1)
(7859, 78.1)
(7860, 78.1)
(7861, 78.1)
(7862, 78.1)
(7863, 78.1)
(7864, 78.1)
(7865, 78.1)
(7866, 78.1)
(7867, 78.1)
(7868, 78.1)
(7869, 78.1)
(7870, 78.1)
(7871, 78.1)
(7872, 78.1)
(7873, 78.1)
(7874, 78.1)
(7875, 78.1)
(7876, 78.1)
(7877, 78.1)
(7878, 78.1)
(7879, 78.1)
(7880, 78.1)
(7881, 78.1)
(15066, 77.2)
(15067, 77.2)
(15068, 77.2)
(15069, 77.2)
(15248, 76.22549019607844)
(15249, 76.22549019607844)
(15250, 76.22549019607844)
(15251, 76.22549019607844)
(15252, 76.22549019607844)
(15253, 76.22549019607844)
(15254, 76.22549019607844)
(15255, 76.22549019607844)
(15256, 76.22549019607844)
(15257, 76.22549019607844)
(15258, 76.22549019607844)
(15259, 76.22549019607844)
(15260, 76.22549019607844)
(10606, 73.46153846153847)
(10607, 73.46153846153847)
(14385, 71.81818181818181)
(7776, 71.48148148148148)
(11645, 70.61538461538461)
(11646, 70.61538461538461)
(11647, 70.61538461538461)
(11648, 70.61538461538461)
(11649, 70.61538461538461)
(11650, 70.61538461538461)
(11651, 70.61538461538461)
(11652, 70.61538461538461)
(11653, 70.61538461538461)
(11654, 70.61538461538461)
(11655, 70.61538461538461)
(11656, 70.61538461538461)
(11657, 70.61538461538461)
(11658, 70.61538461538461)
(11659, 70.61538461538461)
(11660, 70.61538461538461)
(11661, 70.61538461538461)
(11662, 70.61538461538461)
(11663, 70.61538461538461)
(11664, 70.61538461538461)
(11665, 70.61538461538461)
(11666, 70.61538461538461)
(11667, 70.61538461538461)
(11668, 70.61538461538461)
(11669, 70.61538461538461)
(11670, 70.61538461538461)
(11671, 70.61538461538461)
(11672, 70.61538461538461)
(11673, 70.61538461538461)
(11674, 70.61538461538461)
(11675, 70.61538461538461)
(11676, 70.61538461538461)
(11677, 70.61538461538461)
(11678, 70.61538461538461)
(9662, 69.87654320987654)
(9663, 69.87654320987654)
(9664, 69.87654320987654)
(9665, 69.87654320987654)
(9666, 69.87654320987654)
(9667, 69.87654320987654)
(9668, 69.87654320987654)
(9669, 69.87654320987654)
(9670, 69.87654320987654)
(9671, 69.87654320987654)
(5753, 69.2)
(5754, 69.2)
(5755, 69.2)
(5756, 69.2)
(5757, 69.2)
(5758, 69.2)
(5759, 69.2)
(11283, 68.51063829787235)
(11284, 68.51063829787235)
(11285, 68.51063829787235)
(11286, 68.51063829787235)
(11287, 68.51063829787235)
(11288, 68.51063829787235)
(11289, 68.51063829787235)
(11290, 68.51063829787235)
(11291, 68.51063829787235)
(11292, 68.51063829787235)
(11293, 68.51063829787235)
(11294, 68.51063829787235)
(11295, 68.51063829787235)
(11296, 68.51063829787235)
(11297, 68.51063829787235)
(11298, 68.51063829787235)
(11299, 68.51063829787235)
(11300, 68.51063829787235)
(11301, 68.51063829787235)
(11302, 68.51063829787235)
(11303, 68.51063829787235)
(11304, 68.51063829787235)
(11305, 68.51063829787235)
(11306, 68.51063829787235)
(11307, 68.51063829787235)
(11308, 68.51063829787235)
(9302, 68.05369127516778)
(9303, 68.05369127516778)
(9304, 68.05369127516778)
(9305, 68.05369127516778)
(9306, 68.05369127516778)
(9307, 68.05369127516778)
(9308, 68.05369127516778)
(9309, 68.05369127516778)
(9310, 68.05369127516778)
(9311, 68.05369127516778)
(9312, 68.05369127516778)
(9313, 68.05369127516778)
(9314, 68.05369127516778)
(9315, 68.05369127516778)
(9316, 68.05369127516778)
(9317, 68.05369127516778)
(9318, 68.05369127516778)
(9319, 68.05369127516778)
(9320, 68.05369127516778)
(9321, 68.05369127516778)
(9322, 68.05369127516778)
(9323, 68.05369127516778)
(9324, 68.05369127516778)
(9325, 68.05369127516778)
(9326, 68.05369127516778)
(9327, 68.05369127516778)
(9328, 68.05369127516778)
(9329, 68.05369127516778)
(9330, 68.05369127516778)
(9331, 68.05369127516778)
(9332, 68.05369127516778)
(9333, 68.05369127516778)
(9334, 68.05369127516778)
(9335, 68.05369127516778)
(9336, 68.05369127516778)
(9337, 68.05369127516778)
(9338, 68.05369127516778)
(5322, 65.83333333333333)
(5323, 65.83333333333333)
(5324, 65.83333333333333)
(5325, 65.83333333333333)
(5326, 65.83333333333333)
(5327, 65.83333333333333)
(5328, 65.83333333333333)
(5329, 65.83333333333333)
(5330, 65.83333333333333)
(5331, 65.83333333333333)
(5332, 65.83333333333333)
(5333, 65.83333333333333)
(8753, 65.54285714285714)
(8754, 65.54285714285714)
(8755, 65.54285714285714)
(8756, 65.54285714285714)
(8757, 65.54285714285714)
(8758, 65.54285714285714)
(8759, 65.54285714285714)
(8760, 65.54285714285714)
(8052, 63.3649289099526)
(8053, 63.3649289099526)
(8054, 63.3649289099526)
(8055, 63.3649289099526)
(8056, 63.3649289099526)
(8057, 63.3649289099526)
(8058, 63.3649289099526)
(8059, 63.3649289099526)
(8060, 63.3649289099526)
(8061, 63.3649289099526)
(8062, 63.3649289099526)
(8063, 63.3649289099526)
(11241, 62.21875)
(11242, 62.21875)
(11243, 62.21875)
(11244, 62.21875)
(11245, 62.21875)
(11246, 62.21875)
(11247, 62.21875)
(11248, 62.21875)
(11249, 62.21875)
(11250, 62.21875)
(11251, 62.21875)
(11252, 62.21875)
(11253, 62.21875)
(11254, 62.21875)
(11255, 62.21875)
(11256, 62.21875)
(11257, 62.21875)
(11258, 62.21875)
(11259, 62.21875)
(5334, 59.72222222222222)
(5335, 59.72222222222222)
(5336, 59.72222222222222)
(5337, 59.72222222222222)
(5338, 59.72222222222222)
(5339, 59.72222222222222)
(5340, 59.72222222222222)
(5341, 59.72222222222222)
(5342, 59.72222222222222)
(5343, 59.72222222222222)
(5344, 59.72222222222222)
(5345, 59.72222222222222)
(5346, 59.72222222222222)
(5347, 59.72222222222222)
(5348, 59.72222222222222)
(5349, 59.72222222222222)
(5350, 59.72222222222222)
(5351, 59.72222222222222)
(5352, 59.72222222222222)
(5353, 59.72222222222222)
(5354, 59.72222222222222)
(5355, 59.72222222222222)
(5356, 59.72222222222222)
(5357, 59.72222222222222)
(5358, 59.72222222222222)
(5359, 59.72222222222222)
(5360, 59.72222222222222)
(5361, 59.72222222222222)
(5362, 59.72222222222222)
(5363, 59.72222222222222)
(5364, 59.72222222222222)
(5365, 59.72222222222222)
(5366, 59.72222222222222)
(5367, 59.72222222222222)
(5368, 59.72222222222222)
(5369, 59.72222222222222)
(5370, 59.72222222222222)
(5371, 59.72222222222222)
(5372, 59.72222222222222)
(5373, 59.72222222222222)
(5374, 59.72222222222222)
(5375, 59.72222222222222)
(5376, 59.72222222222222)
(5377, 59.72222222222222)
(5378, 59.72222222222222)
(5379, 59.72222222222222)
(5380, 59.72222222222222)
(5381, 59.72222222222222)
(5382, 59.72222222222222)
(5383, 59.72222222222222)
(5384, 59.72222222222222)
(5385, 59.72222222222222)
(5386, 59.72222222222222)
(5387, 59.72222222222222)
(5388, 59.72222222222222)
(5389, 59.72222222222222)
(5390, 59.72222222222222)
(5391, 59.72222222222222)
(5392, 59.72222222222222)
(5393, 59.72222222222222)
(5394, 59.72222222222222)
(5395, 59.72222222222222)
(5396, 59.72222222222222)
(5397, 59.72222222222222)
(5398, 59.72222222222222)
(5399, 59.72222222222222)
(5400, 59.72222222222222)
(5401, 59.72222222222222)
(5402, 59.72222222222222)
(5403, 59.72222222222222)
(5404, 59.72222222222222)
(5405, 59.72222222222222)
(5406, 59.72222222222222)
(5407, 59.72222222222222)
(5408, 59.72222222222222)
(5409, 59.72222222222222)
(5410, 59.72222222222222)
(5411, 59.72222222222222)
(5412, 59.72222222222222)
(5413, 59.72222222222222)
(5414, 59.72222222222222)
(5415, 59.72222222222222)
(5416, 59.72222222222222)
(5417, 59.72222222222222)
(5418, 59.72222222222222)
(5419, 59.72222222222222)
(5420, 59.72222222222222)
(5421, 59.72222222222222)
(5422, 59.72222222222222)
(5423, 59.72222222222222)
(5424, 59.72222222222222)
(5425, 59.72222222222222)
(5426, 59.72222222222222)
(5427, 59.72222222222222)
(5428, 59.72222222222222)
(5429, 59.72222222222222)
(5430, 59.72222222222222)
(5431, 59.72222222222222)
(5432, 59.72222222222222)
(5433, 59.72222222222222)
(5434, 59.72222222222222)
(5435, 59.72222222222222)
(5436, 59.72222222222222)
(5437, 59.72222222222222)
(5438, 59.72222222222222)
(5439, 59.72222222222222)
(5440, 59.72222222222222)
(5441, 59.72222222222222)
(5442, 59.72222222222222)
(5461, 59.333333333333336)
(5462, 59.333333333333336)
(5463, 59.333333333333336)
(5464, 59.333333333333336)
(5465, 59.333333333333336)
(5466, 59.333333333333336)
(5467, 59.333333333333336)
(5468, 59.333333333333336)
(5469, 59.333333333333336)
(5470, 59.333333333333336)
(5471, 59.333333333333336)
(5472, 59.333333333333336)
(5473, 59.333333333333336)
(5474, 59.333333333333336)
(5475, 59.333333333333336)
(5476, 59.333333333333336)
(5477, 59.333333333333336)
(5478, 59.333333333333336)
(5479, 59.333333333333336)
(5480, 59.333333333333336)
(5481, 59.333333333333336)
(5482, 59.333333333333336)
(5483, 59.333333333333336)
(5484, 59.333333333333336)
(5485, 59.333333333333336)
(5486, 59.333333333333336)
(5487, 59.333333333333336)
(5488, 59.333333333333336)
(5489, 59.333333333333336)
(5490, 59.333333333333336)
(5491, 59.333333333333336)
(5492, 59.333333333333336)
(5493, 59.333333333333336)
(5494, 59.333333333333336)
(5495, 59.333333333333336)
(5496, 59.333333333333336)
(5497, 59.333333333333336)
(5498, 59.333333333333336)
(5499, 59.333333333333336)
(5500, 59.333333333333336)
(5501, 59.333333333333336)
(5502, 59.333333333333336)
(5503, 59.333333333333336)
(5504, 59.333333333333336)
(5505, 59.333333333333336)
(5506, 59.333333333333336)
(5507, 59.333333333333336)
(5508, 59.333333333333336)
(5509, 59.333333333333336)
(5510, 59.333333333333336)
(5511, 59.333333333333336)
(5512, 59.333333333333336)
(5513, 59.333333333333336)
(5514, 59.333333333333336)
(5515, 59.333333333333336)
(5516, 59.333333333333336)
(5517, 59.333333333333336)
(5518, 59.333333333333336)
(5519, 59.333333333333336)
(5520, 59.333333333333336)
(5521, 59.333333333333336)
(5522, 59.333333333333336)
(5523, 59.333333333333336)
(5524, 59.333333333333336)
(5525, 59.333333333333336)
(5526, 59.333333333333336)
(5527, 59.333333333333336)
(5528, 59.333333333333336)
(5529, 59.333333333333336)
(5530, 59.333333333333336)
(5531, 59.333333333333336)
(5532, 59.333333333333336)
(5533, 59.333333333333336)
(5534, 59.333333333333336)
(12440, 59.04761904761905)
(12441, 59.04761904761905)
(12442, 59.04761904761905)
(12443, 59.04761904761905)
(12444, 59.04761904761905)
(12445, 59.04761904761905)
(12446, 59.04761904761905)
(12447, 59.04761904761905)
(9528, 56.61538461538461)
(9529, 56.61538461538461)
(9530, 56.61538461538461)
(9531, 56.61538461538461)
(9532, 56.61538461538461)
(9533, 56.61538461538461)
(9534, 56.61538461538461)
(9535, 56.61538461538461)
(9536, 56.61538461538461)
(9537, 56.61538461538461)
(9538, 56.61538461538461)
(9539, 56.61538461538461)
(9540, 56.61538461538461)
(9541, 56.61538461538461)
(9542, 56.61538461538461)
(9543, 56.61538461538461)
(9544, 56.61538461538461)
(9545, 56.61538461538461)
(9546, 56.61538461538461)
(9547, 56.61538461538461)
(9548, 56.61538461538461)
(9549, 56.61538461538461)
(9550, 56.61538461538461)
(9551, 56.61538461538461)
(9552, 56.61538461538461)
(9553, 56.61538461538461)
(9554, 56.61538461538461)
(9555, 56.61538461538461)
(9556, 56.61538461538461)
(9557, 56.61538461538461)
(9558, 56.61538461538461)
(9559, 56.61538461538461)
(9560, 56.61538461538461)
(9561, 56.61538461538461)
(9562, 56.61538461538461)
(9563, 56.61538461538461)
(9564, 56.61538461538461)
(9565, 56.61538461538461)
(9566, 56.61538461538461)
(9567, 56.61538461538461)
(9568, 56.61538461538461)
(9569, 56.61538461538461)
(9570, 56.61538461538461)
(9571, 56.61538461538461)
(9572, 56.61538461538461)
(9573, 56.61538461538461)
(9574, 56.61538461538461)
(9575, 56.61538461538461)
(5285, 56.46666666666667)
(5286, 56.46666666666667)
(5287, 56.46666666666667)
(5288, 56.46666666666667)
(5289, 56.46666666666667)
(5563, 54.714285714285715)
(5564, 54.714285714285715)
(5565, 54.714285714285715)
(5566, 54.714285714285715)
(5567, 54.714285714285715)
(5568, 54.714285714285715)
(5569, 54.714285714285715)
(5570, 54.714285714285715)
(5571, 54.714285714285715)
(5572, 54.714285714285715)
(5573, 54.714285714285715)
(5574, 54.714285714285715)
(5575, 54.714285714285715)
(5576, 54.714285714285715)
(5577, 54.714285714285715)
(5578, 54.714285714285715)
(5579, 54.714285714285715)
(5580, 54.714285714285715)
(5581, 54.714285714285715)
(5582, 54.714285714285715)
(5583, 54.714285714285715)
(5584, 54.714285714285715)
(5585, 54.714285714285715)
(5586, 54.714285714285715)
(5587, 54.714285714285715)
(5588, 54.714285714285715)
(5589, 54.714285714285715)
(5590, 54.714285714285715)
(5591, 54.714285714285715)
(5592, 54.714285714285715)
(5593, 54.714285714285715)
(5594, 54.714285714285715)
(5595, 54.714285714285715)
(5596, 54.714285714285715)
(5597, 54.714285714285715)
(5598, 54.714285714285715)
(5599, 54.714285714285715)
(7777, 52.76190476190476)
(7778, 52.76190476190476)
(7779, 52.76190476190476)
(7780, 52.76190476190476)
(7781, 52.76190476190476)
(7782, 52.76190476190476)
(7783, 52.76190476190476)
(7784, 52.76190476190476)
(7785, 52.76190476190476)
(7786, 52.76190476190476)
(7787, 52.76190476190476)
(7788, 52.76190476190476)
(7789, 52.76190476190476)
(7790, 52.76190476190476)
(7791, 52.76190476190476)
(7792, 52.76190476190476)
(7793, 52.76190476190476)
(7794, 52.76190476190476)
(7795, 52.76190476190476)
(7796, 52.76190476190476)
(7797, 52.76190476190476)
(7798, 52.76190476190476)
(7799, 52.76190476190476)
(7800, 52.76190476190476)
(7801, 52.76190476190476)
(7802, 52.76190476190476)
(7803, 52.76190476190476)
(7804, 52.76190476190476)
(7805, 52.76190476190476)
(7806, 52.76190476190476)
(7807, 52.76190476190476)
(7808, 52.76190476190476)
(7809, 52.76190476190476)
(7810, 52.76190476190476)
(7811, 52.76190476190476)
(7812, 52.76190476190476)
(7571, 52.458333333333336)
(7572, 52.458333333333336)
(7573, 52.458333333333336)
(7574, 52.458333333333336)
(7575, 52.458333333333336)
(7576, 52.458333333333336)
(7577, 52.458333333333336)
(7578, 52.458333333333336)
(7579, 52.458333333333336)
(7580, 52.458333333333336)
(7581, 52.458333333333336)
(7582, 52.458333333333336)
(7583, 52.458333333333336)
(7584, 52.458333333333336)
(7585, 52.458333333333336)
(7586, 52.458333333333336)
(7587, 52.458333333333336)
(7588, 52.458333333333336)
(7589, 52.458333333333336)
(7590, 52.458333333333336)
(7591, 52.458333333333336)
(7592, 52.458333333333336)
(7593, 52.458333333333336)
(7594, 52.458333333333336)
(7595, 52.458333333333336)
(7596, 52.458333333333336)
(7597, 52.458333333333336)
(7598, 52.458333333333336)
(7599, 52.458333333333336)
(7600, 52.458333333333336)
(7601, 52.458333333333336)
(7602, 52.458333333333336)
(7603, 52.458333333333336)
(7604, 52.458333333333336)
(7605, 52.458333333333336)
(7606, 52.458333333333336)
(7607, 52.458333333333336)
(7608, 52.458333333333336)
(7609, 52.458333333333336)
(7610, 52.458333333333336)
(7611, 52.458333333333336)
(7612, 52.458333333333336)
(7613, 52.458333333333336)
(7614, 52.458333333333336)
(7615, 52.458333333333336)
(7616, 52.458333333333336)
(7617, 52.458333333333336)
(7618, 52.458333333333336)
(7619, 52.458333333333336)
(7620, 52.458333333333336)
(7621, 52.458333333333336)
(7622, 52.458333333333336)
(7623, 52.458333333333336)
(7624, 52.458333333333336)
(7625, 52.458333333333336)
(7626, 52.458333333333336)
(7627, 52.458333333333336)
(7628, 52.458333333333336)
(7629, 52.458333333333336)
(7630, 52.458333333333336)
(7631, 52.458333333333336)
(7632, 52.458333333333336)
(7633, 52.458333333333336)
(7634, 52.458333333333336)
(7635, 52.458333333333336)
(7636, 52.458333333333336)
(7637, 52.458333333333336)
(7638, 52.458333333333336)
(7639, 52.458333333333336)
(7640, 52.458333333333336)
(7641, 52.458333333333336)
(7642, 52.458333333333336)
(7643, 52.458333333333336)
(7644, 52.458333333333336)
(7645, 52.458333333333336)
(7646, 52.458333333333336)
(7647, 52.458333333333336)
(7648, 52.458333333333336)
(7649, 52.458333333333336)
(7650, 52.458333333333336)
(7651, 52.458333333333336)
(7652, 52.458333333333336)
(7653, 52.458333333333336)
(7654, 52.458333333333336)
(7655, 52.458333333333336)
(7656, 52.458333333333336)
(7657, 52.458333333333336)
(7658, 52.458333333333336)
(7659, 52.458333333333336)
(7660, 52.458333333333336)
(7661, 52.458333333333336)
(7662, 52.458333333333336)
(7663, 52.458333333333336)
(7664, 52.458333333333336)
(7665, 52.458333333333336)
(7666, 52.458333333333336)
(7667, 52.458333333333336)
(7668, 52.458333333333336)
(7669, 52.458333333333336)
(7670, 52.458333333333336)
(7671, 52.458333333333336)
(7672, 52.458333333333336)
(9260, 52.10144927536231)
(9261, 52.10144927536231)
(9262, 52.10144927536231)
(9263, 52.10144927536231)
(9264, 52.10144927536231)
(9265, 52.10144927536231)
(9266, 52.10144927536231)
(9267, 52.10144927536231)
(9268, 52.10144927536231)
(9269, 52.10144927536231)
(9270, 52.10144927536231)
(9271, 52.10144927536231)
(9272, 52.10144927536231)
(9273, 52.10144927536231)
(9274, 52.10144927536231)
(9275, 52.10144927536231)
(9276, 52.10144927536231)
(9277, 52.10144927536231)
(9278, 52.10144927536231)
(9279, 52.10144927536231)
(9280, 52.10144927536231)
(9281, 52.10144927536231)
(9282, 52.10144927536231)
(9283, 52.10144927536231)
(9284, 52.10144927536231)
(9285, 52.10144927536231)
(9286, 52.10144927536231)
(9287, 52.10144927536231)
(9288, 52.10144927536231)
(9289, 52.10144927536231)
(9290, 52.10144927536231)
(9291, 52.10144927536231)
(9292, 52.10144927536231)
(9293, 52.10144927536231)
(9294, 52.10144927536231)
(9295, 52.10144927536231)
(9296, 52.10144927536231)
(9297, 52.10144927536231)
(9298, 52.10144927536231)
(9299, 52.10144927536231)
(9300, 52.10144927536231)
(9301, 52.10144927536231)
(7882, 51.81506849315068)
(7883, 51.81506849315068)
(7884, 51.81506849315068)
(7885, 51.81506849315068)
(7886, 51.81506849315068)
(7887, 51.81506849315068)
(7888, 51.81506849315068)
(7889, 51.81506849315068)
(7890, 51.81506849315068)
(7891, 51.81506849315068)
(7892, 51.81506849315068)
(7893, 51.81506849315068)
(7894, 51.81506849315068)
(7895, 51.81506849315068)
(7896, 51.81506849315068)
(7897, 51.81506849315068)
(7898, 51.81506849315068)
(7899, 51.81506849315068)
(7900, 51.81506849315068)
(7901, 51.81506849315068)
(7902, 51.81506849315068)
(5998, 49.55882352941177)
(5999, 49.55882352941177)
(6000, 49.55882352941177)
(6001, 49.55882352941177)
(6002, 49.55882352941177)
(6003, 49.55882352941177)
(6004, 49.55882352941177)
(6005, 49.55882352941177)
(6006, 49.55882352941177)
(6007, 49.55882352941177)
(6008, 49.55882352941177)
(6009, 49.55882352941177)
(6010, 49.55882352941177)
(6011, 49.55882352941177)
(6012, 49.55882352941177)
(6013, 49.55882352941177)
(6014, 49.55882352941177)
(6015, 49.55882352941177)
(6016, 49.55882352941177)
(6017, 49.55882352941177)
(6018, 49.55882352941177)
(6019, 49.55882352941177)
(6020, 49.55882352941177)
(6021, 49.55882352941177)
(6022, 49.55882352941177)
(6023, 49.55882352941177)
(6024, 49.55882352941177)
(6025, 49.55882352941177)
(6026, 49.55882352941177)
(6027, 49.55882352941177)
(6028, 49.55882352941177)
(6029, 49.55882352941177)
(6030, 49.55882352941177)
(6031, 49.55882352941177)
(6032, 49.55882352941177)
(6033, 49.55882352941177)
(6034, 49.55882352941177)
(6035, 49.55882352941177)
(6036, 49.55882352941177)
(6037, 49.55882352941177)
(6038, 49.55882352941177)
(6039, 49.55882352941177)
(6040, 49.55882352941177)
(6041, 49.55882352941177)
(6042, 49.55882352941177)
(6043, 49.55882352941177)
(6044, 49.55882352941177)
(6045, 49.55882352941177)
(6046, 49.55882352941177)
(6047, 49.55882352941177)
(6048, 49.55882352941177)
(6049, 49.55882352941177)
(6050, 49.55882352941177)
(6051, 49.55882352941177)
(6052, 49.55882352941177)
(6053, 49.55882352941177)
(6054, 49.55882352941177)
(6055, 49.55882352941177)
(6056, 49.55882352941177)
(6057, 49.55882352941177)
(6058, 49.55882352941177)
(6059, 49.55882352941177)
(6060, 49.55882352941177)
(6061, 49.55882352941177)
(6062, 49.55882352941177)
(6063, 49.55882352941177)
(6064, 49.55882352941177)
(6065, 49.55882352941177)
(6066, 49.55882352941177)
(6067, 49.55882352941177)
(6068, 49.55882352941177)
(6069, 49.55882352941177)
(6070, 49.55882352941177)
(6071, 49.55882352941177)
(6072, 49.55882352941177)
(6073, 49.55882352941177)
(6074, 49.55882352941177)
(6075, 49.55882352941177)
(6076, 49.55882352941177)
(6077, 49.55882352941177)
(6078, 49.55882352941177)
(6079, 49.55882352941177)
(6080, 49.55882352941177)
(6081, 49.55882352941177)
(6082, 49.55882352941177)
(6083, 49.55882352941177)
(6084, 49.55882352941177)
(6085, 49.55882352941177)
(6086, 49.55882352941177)
(6087, 49.55882352941177)
(6088, 49.55882352941177)
(6089, 49.55882352941177)
