(13641, 868.5)
(8504, 830.7142857142858)
(8505, 830.7142857142858)
(8506, 830.7142857142858)
(8507, 830.7142857142858)
(8508, 830.7142857142858)
(8509, 830.7142857142858)
(8510, 830.7142857142858)
(8511, 830.7142857142858)
(8512, 830.7142857142858)
(8513, 830.7142857142858)
(8514, 830.7142857142858)
(8515, 830.7142857142858)
(8516, 830.7142857142858)
(8517, 830.7142857142858)
(8518, 830.7142857142858)
(8519, 830.7142857142858)
(8520, 830.7142857142858)
(8521, 830.7142857142858)
(8522, 830.7142857142858)
(8523, 830.7142857142858)
(8524, 830.7142857142858)
(8525, 830.7142857142858)
(8526, 830.7142857142858)
(8527, 830.7142857142858)
(8528, 830.7142857142858)
(8529, 830.7142857142858)
(8530, 830.7142857142858)
(8531, 830.7142857142858)
(8532, 830.7142857142858)
(8533, 830.7142857142858)
(8534, 830.7142857142858)
(8535, 830.7142857142858)
(8536, 830.7142857142858)
(8537, 830.7142857142858)
(8538, 830.7142857142858)
(8539, 830.7142857142858)
(8540, 830.7142857142858)
(8541, 830.7142857142858)
(8542, 830.7142857142858)
(8543, 830.7142857142858)
(8544, 830.7142857142858)
(8545, 830.7142857142858)
(8546, 830.7142857142858)
(8547, 830.7142857142858)
(8548, 830.7142857142858)
(8549, 830.7142857142858)
(8550, 830.7142857142858)
(8551, 830.7142857142858)
(8552, 830.7142857142858)
(8553, 830.7142857142858)
(8554, 830.7142857142858)
(8555, 830.7142857142858)
(8556, 830.7142857142858)
(8557, 830.7142857142858)
(8558, 830.7142857142858)
(8559, 830.7142857142858)
(8560, 830.7142857142858)
(8561, 830.7142857142858)
(8562, 830.7142857142858)
(8563, 830.7142857142858)
(8564, 830.7142857142858)
(8565, 830.7142857142858)
(8566, 830.7142857142858)
(8567, 830.7142857142858)
(8568, 830.7142857142858)
(8569, 830.7142857142858)
(8570, 830.7142857142858)
(8571, 830.7142857142858)
(8572, 830.7142857142858)
(8573, 830.7142857142858)
(8574, 830.7142857142858)
(8575, 830.7142857142858)
(8576, 830.7142857142858)
(8577, 830.7142857142858)
(8578, 830.7142857142858)
(8579, 830.7142857142858)
(8580, 830.7142857142858)
(8581, 830.7142857142858)
(8582, 830.7142857142858)
(8583, 830.7142857142858)
(8584, 830.7142857142858)
(8585, 830.7142857142858)
(8586, 830.7142857142858)
(8587, 830.7142857142858)
(8588, 830.7142857142858)
(8589, 830.7142857142858)
(8590, 830.7142857142858)
(8591, 830.7142857142858)
(8592, 830.7142857142858)
(8593, 830.7142857142858)
(8594, 830.7142857142858)
(8595, 830.7142857142858)
(8596, 830.7142857142858)
(8597, 830.7142857142858)
(8598, 830.7142857142858)
(8599, 830.7142857142858)
(6178, 602.9166666666667)
(6179, 602.9166666666667)
(6180, 602.9166666666667)
(6181, 602.9166666666667)
(6182, 602.9166666666667)
(6183, 602.9166666666667)
(6184, 602.9166666666667)
(6185, 602.9166666666667)
(6186, 602.9166666666667)
(6187, 602.9166666666667)
(6188, 602.9166666666667)
(6189, 602.9166666666667)
(6190, 602.9166666666667)
(6191, 602.9166666666667)
(6192, 602.9166666666667)
(6193, 602.9166666666667)
(6194, 602.9166666666667)
(6195, 602.9166666666667)
(6196, 602.9166666666667)
(6197, 602.9166666666667)
(6198, 602.9166666666667)
(6199, 602.9166666666667)
(6200, 602.9166666666667)
(6201, 602.9166666666667)
(6202, 602.9166666666667)
(6203, 602.9166666666667)
(6204, 602.9166666666667)
(6205, 602.9166666666667)
(6206, 602.9166666666667)
(6207, 602.9166666666667)
(6208, 602.9166666666667)
(6209, 602.9166666666667)
(6210, 602.9166666666667)
(6211, 602.9166666666667)
(6212, 602.9166666666667)
(6213, 602.9166666666667)
(6214, 602.9166666666667)
(6215, 602.9166666666667)
(6216, 602.9166666666667)
(6217, 602.9166666666667)
(6218, 602.9166666666667)
(6219, 602.9166666666667)
(6220, 602.9166666666667)
(6221, 602.9166666666667)
(6222, 602.9166666666667)
(6223, 602.9166666666667)
(6224, 602.9166666666667)
(6225, 602.9166666666667)
(6226, 602.9166666666667)
(6227, 602.9166666666667)
(6228, 602.9166666666667)
(6229, 602.9166666666667)
(6230, 602.9166666666667)
(6231, 602.9166666666667)
(6232, 602.9166666666667)
(6233, 602.9166666666667)
(6234, 602.9166666666667)
(6235, 602.9166666666667)
(6236, 602.9166666666667)
(6237, 602.9166666666667)
(6238, 602.9166666666667)
(6239, 602.9166666666667)
(6240, 602.9166666666667)
(6241, 602.9166666666667)
(6242, 602.9166666666667)
(6243, 602.9166666666667)
(6244, 602.9166666666667)
(6245, 602.9166666666667)
(6246, 602.9166666666667)
(6247, 602.9166666666667)
(6248, 602.9166666666667)
(6249, 602.9166666666667)
(6250, 602.9166666666667)
(6251, 602.9166666666667)
(6252, 602.9166666666667)
(6253, 602.9166666666667)
(6254, 602.9166666666667)
(6255, 602.9166666666667)
(6256, 602.9166666666667)
(6257, 602.9166666666667)
(6258, 602.9166666666667)
(6259, 602.9166666666667)
(6260, 602.9166666666667)
(6261, 602.9166666666667)
(6262, 602.9166666666667)
(6263, 602.9166666666667)
(6264, 602.9166666666667)
(6265, 602.9166666666667)
(6266, 602.9166666666667)
(6267, 602.9166666666667)
(6268, 602.9166666666667)
(6269, 602.9166666666667)
(6270, 602.9166666666667)
(6271, 602.9166666666667)
(6272, 602.9166666666667)
(6273, 602.9166666666667)
(6274, 602.9166666666667)
(6275, 602.9166666666667)
(6276, 602.9166666666667)
(6277, 602.9166666666667)
(6278, 602.9166666666667)
(6279, 602.9166666666667)
(6280, 602.9166666666667)
(6281, 602.9166666666667)
(6282, 602.9166666666667)
(6283, 602.9166666666667)
(6284, 602.9166666666667)
(6285, 602.9166666666667)
(6286, 602.9166666666667)
(6287, 602.9166666666667)
(6288, 602.9166666666667)
(6289, 602.9166666666667)
(6290, 602.9166666666667)
(6291, 602.9166666666667)
(6292, 602.9166666666667)
(6293, 602.9166666666667)
(8399, 598.9655172413793)
(8400, 598.9655172413793)
(8401, 598.9655172413793)
(8402, 598.9655172413793)
(8403, 598.9655172413793)
(8404, 598.9655172413793)
(8405, 598.9655172413793)
(8406, 598.9655172413793)
(8407, 598.9655172413793)
(8408, 598.9655172413793)
(8409, 598.9655172413793)
(8410, 598.9655172413793)
(8411, 598.9655172413793)
(8412, 598.9655172413793)
(8413, 598.9655172413793)
(8414, 598.9655172413793)
(8415, 598.9655172413793)
(8416, 598.9655172413793)
(8417, 598.9655172413793)
(8418, 598.9655172413793)
(8419, 598.9655172413793)
(8420, 598.9655172413793)
(8421, 598.9655172413793)
(8422, 598.9655172413793)
(8423, 598.9655172413793)
(8424, 598.9655172413793)
(8425, 598.9655172413793)
(8426, 598.9655172413793)
(8427, 598.9655172413793)
(8428, 598.9655172413793)
(8429, 598.9655172413793)
(8430, 598.9655172413793)
(8431, 598.9655172413793)
(8432, 598.9655172413793)
(8433, 598.9655172413793)
(8434, 598.9655172413793)
(8435, 598.9655172413793)
(8436, 598.9655172413793)
(8437, 598.9655172413793)
(8438, 598.9655172413793)
(8439, 598.9655172413793)
(8440, 598.9655172413793)
(8441, 598.9655172413793)
(8442, 598.9655172413793)
(8443, 598.9655172413793)
(8444, 598.9655172413793)
(8445, 598.9655172413793)
(8446, 598.9655172413793)
(8447, 598.9655172413793)
(8448, 598.9655172413793)
(8449, 598.9655172413793)
(8450, 598.9655172413793)
(8451, 598.9655172413793)
(8452, 598.9655172413793)
(8453, 598.9655172413793)
(8454, 598.9655172413793)
(8455, 598.9655172413793)
(8456, 598.9655172413793)
(8457, 598.9655172413793)
(8458, 598.9655172413793)
(8459, 598.9655172413793)
(8460, 598.9655172413793)
(8461, 598.9655172413793)
(8462, 598.9655172413793)
(8463, 598.9655172413793)
(8464, 598.9655172413793)
(8465, 598.9655172413793)
(8466, 598.9655172413793)
(8467, 598.9655172413793)
(8468, 598.9655172413793)
(8469, 598.9655172413793)
(8470, 598.9655172413793)
(8471, 598.9655172413793)
(8472, 598.9655172413793)
(8473, 598.9655172413793)
(8474, 598.9655172413793)
(8475, 598.9655172413793)
(8476, 598.9655172413793)
(8477, 598.9655172413793)
(8478, 598.9655172413793)
(8479, 598.9655172413793)
(8480, 598.9655172413793)
(8481, 598.9655172413793)
(8482, 598.9655172413793)
(8483, 598.9655172413793)
(8484, 598.9655172413793)
(8485, 598.9655172413793)
(8486, 598.9655172413793)
(8487, 598.9655172413793)
(8488, 598.9655172413793)
(8489, 598.9655172413793)
(8490, 598.9655172413793)
(8491, 598.9655172413793)
(8492, 598.9655172413793)
(8493, 598.9655172413793)
(8494, 598.9655172413793)
(8495, 598.9655172413793)
(8496, 598.9655172413793)
(8497, 598.9655172413793)
(8498, 598.9655172413793)
(8499, 598.9655172413793)
(8500, 598.9655172413793)
(8501, 598.9655172413793)
(8502, 598.9655172413793)
(8503, 598.9655172413793)
(14955, 580.6666666666666)
(14956, 580.6666666666666)
(14957, 580.6666666666666)
(14958, 580.6666666666666)
(14959, 580.6666666666666)
(14960, 580.6666666666666)
(14961, 580.6666666666666)
(14962, 580.6666666666666)
(14963, 580.6666666666666)
(14964, 580.6666666666666)
(14965, 580.6666666666666)
(14966, 580.6666666666666)
(14967, 580.6666666666666)
(14968, 580.6666666666666)
(14969, 580.6666666666666)
(14970, 580.6666666666666)
(14971, 580.6666666666666)
(14972, 580.6666666666666)
(14973, 580.6666666666666)
(14974, 580.6666666666666)
(14975, 580.6666666666666)
(14976, 580.6666666666666)
(14977, 580.6666666666666)
(14978, 580.6666666666666)
(14979, 580.6666666666666)
(14980, 580.6666666666666)
(14981, 580.6666666666666)
(14982, 580.6666666666666)
(14983, 580.6666666666666)
(14984, 580.6666666666666)
(14985, 580.6666666666666)
(14986, 580.6666666666666)
(14987, 580.6666666666666)
(14988, 580.6666666666666)
(14989, 580.6666666666666)
(14990, 580.6666666666666)
(14991, 580.6666666666666)
(14992, 580.6666666666666)
(14993, 580.6666666666666)
(14994, 580.6666666666666)
(14995, 580.6666666666666)
(14996, 580.6666666666666)
(14997, 580.6666666666666)
(14998, 580.6666666666666)
(14999, 580.6666666666666)
(15000, 580.6666666666666)
(15001, 580.6666666666666)
(15002, 580.6666666666666)
(15003, 580.6666666666666)
(15004, 580.6666666666666)
(15005, 580.6666666666666)
(15006, 580.6666666666666)
(15007, 580.6666666666666)
(15008, 580.6666666666666)
(15009, 580.6666666666666)
(15010, 580.6666666666666)
(15011, 580.6666666666666)
(15012, 580.6666666666666)
(15013, 580.6666666666666)
(15014, 580.6666666666666)
(15015, 580.6666666666666)
(15016, 580.6666666666666)
(15017, 580.6666666666666)
(15018, 580.6666666666666)
(15019, 580.6666666666666)
(15020, 580.6666666666666)
(15021, 580.6666666666666)
(15022, 580.6666666666666)
(15023, 580.6666666666666)
(15024, 580.6666666666666)
(15025, 580.6666666666666)
(15026, 580.6666666666666)
(15027, 580.6666666666666)
(15028, 580.6666666666666)
(15029, 580.6666666666666)
(15030, 580.6666666666666)
(15031, 580.6666666666666)
(15032, 580.6666666666666)
(15033, 580.6666666666666)
(15034, 580.6666666666666)
(15035, 580.6666666666666)
(15036, 580.6666666666666)
(15037, 580.6666666666666)
(15038, 580.6666666666666)
(15039, 580.6666666666666)
(15040, 580.6666666666666)
(15041, 580.6666666666666)
(15042, 580.6666666666666)
(15043, 580.6666666666666)
(15044, 580.6666666666666)
(15045, 580.6666666666666)
(15046, 580.6666666666666)
(15047, 580.6666666666666)
(15048, 580.6666666666666)
(15049, 580.6666666666666)
(15050, 580.6666666666666)
(15051, 580.6666666666666)
(15052, 580.6666666666666)
(15053, 580.6666666666666)
(15054, 580.6666666666666)
(15055, 580.6666666666666)
(15056, 580.6666666666666)
(15057, 580.6666666666666)
(15058, 580.6666666666666)
(15059, 580.6666666666666)
(15060, 580.6666666666666)
(15061, 580.6666666666666)
(15062, 580.6666666666666)
(15063, 580.6666666666666)
(15064, 580.6666666666666)
(15065, 580.6666666666666)
(12180, 572.5)
(12181, 572.5)
(12182, 572.5)
(12183, 572.5)
(12184, 572.5)
(12185, 572.5)
(12186, 572.5)
(12187, 572.5)
(12188, 572.5)
(12189, 572.5)
(12190, 572.5)
(12191, 572.5)
(12192, 572.5)
(12193, 572.5)
(12194, 572.5)
(12195, 572.5)
(12196, 572.5)
(12197, 572.5)
(12198, 572.5)
(12199, 572.5)
(12200, 572.5)
(12201, 572.5)
(12202, 572.5)
(12203, 572.5)
(12204, 572.5)
(12205, 572.5)
(12206, 572.5)
(12207, 572.5)
(12208, 572.5)
(12209, 572.5)
(12210, 572.5)
(12211, 572.5)
(12212, 572.5)
(12213, 572.5)
(12214, 572.5)
(12215, 572.5)
(12216, 572.5)
(12217, 572.5)
(12218, 572.5)
(12219, 572.5)
(12220, 572.5)
(12221, 572.5)
(12222, 572.5)
(11422, 566.25)
(11423, 566.25)
(11424, 566.25)
(11425, 566.25)
(11426, 566.25)
(11427, 566.25)
(11428, 566.25)
(11429, 566.25)
(11430, 566.25)
(11431, 566.25)
(11432, 566.25)
(11433, 566.25)
(11434, 566.25)
(11435, 566.25)
(11436, 566.25)
(11437, 566.25)
(11438, 566.25)
(11439, 566.25)
(11440, 566.25)
(11441, 566.25)
(11442, 566.25)
(11443, 566.25)
(11444, 566.25)
(11445, 566.25)
(11446, 566.25)
(11447, 566.25)
(11448, 566.25)
(11449, 566.25)
(11450, 566.25)
(11451, 566.25)
(11452, 566.25)
(11453, 566.25)
(11454, 566.25)
(11455, 566.25)
(11456, 566.25)
(11457, 566.25)
(11458, 566.25)
(11459, 566.25)
(11460, 566.25)
(11461, 566.25)
(12223, 519.5454545454545)
(12224, 519.5454545454545)
(12225, 519.5454545454545)
(12226, 519.5454545454545)
(12227, 519.5454545454545)
(12228, 519.5454545454545)
(12229, 519.5454545454545)
(12230, 519.5454545454545)
(12231, 519.5454545454545)
(12232, 519.5454545454545)
(12233, 519.5454545454545)
(12234, 519.5454545454545)
(12235, 519.5454545454545)
(12236, 519.5454545454545)
(12237, 519.5454545454545)
(12238, 519.5454545454545)
(12239, 519.5454545454545)
(12240, 519.5454545454545)
(12241, 519.5454545454545)
(12242, 519.5454545454545)
(12243, 519.5454545454545)
(12244, 519.5454545454545)
(12245, 519.5454545454545)
(12246, 519.5454545454545)
(12247, 519.5454545454545)
(12326, 519.0)
(12327, 519.0)
(12328, 519.0)
(12329, 519.0)
(12330, 519.0)
(12331, 519.0)
(12332, 519.0)
(12333, 519.0)
(12334, 519.0)
(12335, 519.0)
(12336, 519.0)
(12337, 519.0)
(12338, 519.0)
(12339, 519.0)
(12340, 519.0)
(12341, 519.0)
(12342, 519.0)
(12343, 519.0)
(12344, 519.0)
(12345, 519.0)
(12346, 519.0)
(12347, 519.0)
(12348, 519.0)
(12349, 519.0)
(12350, 519.0)
(12351, 519.0)
(12352, 519.0)
(12353, 519.0)
(12354, 519.0)
(12355, 519.0)
(12356, 519.0)
(12357, 519.0)
(12358, 519.0)
(12359, 519.0)
(12360, 519.0)
(12361, 519.0)
(12362, 519.0)
(12363, 519.0)
(12364, 519.0)
(12365, 519.0)
(12366, 519.0)
(12367, 519.0)
(12368, 519.0)
(12369, 519.0)
(12370, 519.0)
(12371, 519.0)
(12372, 519.0)
(12373, 519.0)
(12374, 519.0)
(12375, 519.0)
(12376, 519.0)
(12377, 519.0)
(12378, 519.0)
(12379, 519.0)
(12380, 519.0)
(12381, 519.0)
(12382, 519.0)
(12383, 519.0)
(12384, 519.0)
(12385, 519.0)
(12386, 519.0)
(12387, 519.0)
(12388, 519.0)
(12389, 519.0)
(12390, 519.0)
(12391, 519.0)
(12392, 519.0)
(12393, 519.0)
(12394, 519.0)
(12395, 519.0)
(12396, 519.0)
(12397, 519.0)
(12398, 519.0)
(12399, 519.0)
(12400, 519.0)
(12401, 519.0)
(12402, 519.0)
(12403, 519.0)
(12404, 519.0)
(12405, 519.0)
(12406, 519.0)
(12407, 519.0)
(12408, 519.0)
(12409, 519.0)
(12410, 519.0)
(12411, 519.0)
(12412, 519.0)
(12413, 519.0)
(12414, 519.0)
(12415, 519.0)
(12416, 519.0)
(12417, 519.0)
(12418, 519.0)
(12419, 519.0)
(12420, 519.0)
(12421, 519.0)
(12422, 519.0)
(12423, 519.0)
(12424, 519.0)
(12425, 519.0)
(12426, 519.0)
(12427, 519.0)
(12428, 519.0)
(12429, 519.0)
(12430, 519.0)
(12431, 519.0)
(12432, 519.0)
(12433, 519.0)
(12434, 519.0)
(12435, 519.0)
(12436, 519.0)
(12437, 519.0)
(12438, 519.0)
(12439, 519.0)
(13627, 516.0714285714286)
(13628, 516.0714285714286)
(13629, 516.0714285714286)
(13630, 516.0714285714286)
(13631, 516.0714285714286)
(13632, 516.0714285714286)
(13633, 516.0714285714286)
(13634, 516.0714285714286)
(13635, 516.0714285714286)
(13636, 516.0714285714286)
(13637, 516.0714285714286)
(13638, 516.0714285714286)
(13639, 516.0714285714286)
(13640, 516.0714285714286)
(12809, 515.8620689655172)
(12810, 515.8620689655172)
(12811, 515.8620689655172)
(12812, 515.8620689655172)
(12813, 515.8620689655172)
(12814, 515.8620689655172)
(12815, 515.8620689655172)
(12816, 515.8620689655172)
(12817, 515.8620689655172)
(12818, 515.8620689655172)
(12819, 515.8620689655172)
(12820, 515.8620689655172)
(12821, 515.8620689655172)
(12822, 515.8620689655172)
(12823, 515.8620689655172)
(12824, 515.8620689655172)
(12825, 515.8620689655172)
(12826, 515.8620689655172)
(12827, 515.8620689655172)
(12828, 515.8620689655172)
(12829, 515.8620689655172)
(12830, 515.8620689655172)
(12831, 515.8620689655172)
(12832, 515.8620689655172)
(12833, 515.8620689655172)
(8256, 501.0714285714286)
(8257, 501.0714285714286)
(8258, 501.0714285714286)
(8259, 501.0714285714286)
(8260, 501.0714285714286)
(8261, 501.0714285714286)
(8262, 501.0714285714286)
(8263, 501.0714285714286)
(8264, 501.0714285714286)
(8265, 501.0714285714286)
(8266, 501.0714285714286)
(8267, 501.0714285714286)
(8268, 501.0714285714286)
(8269, 501.0714285714286)
(8270, 501.0714285714286)
(8271, 501.0714285714286)
(8272, 501.0714285714286)
(8273, 501.0714285714286)
(8274, 501.0714285714286)
(8275, 501.0714285714286)
(8276, 501.0714285714286)
(8277, 501.0714285714286)
(8278, 501.0714285714286)
(8279, 501.0714285714286)
(8280, 501.0714285714286)
(8281, 501.0714285714286)
(8282, 501.0714285714286)
(8283, 501.0714285714286)
(8284, 501.0714285714286)
(8285, 501.0714285714286)
(8286, 501.0714285714286)
(8287, 501.0714285714286)
(8288, 501.0714285714286)
(8289, 501.0714285714286)
(8290, 501.0714285714286)
(8291, 501.0714285714286)
(8292, 501.0714285714286)
(8293, 501.0714285714286)
(8294, 501.0714285714286)
(8295, 501.0714285714286)
(8296, 501.0714285714286)
(8297, 501.0714285714286)
(15815, 474.57142857142856)
(15816, 474.57142857142856)
(15817, 474.57142857142856)
(15818, 474.57142857142856)
(15819, 474.57142857142856)
(15820, 474.57142857142856)
(15821, 474.57142857142856)
(15822, 474.57142857142856)
(15823, 474.57142857142856)
(15824, 474.57142857142856)
(15825, 474.57142857142856)
(14309, 473.0)
(14310, 473.0)
(14311, 473.0)
(14312, 473.0)
(14313, 473.0)
(14314, 473.0)
(14315, 473.0)
(14316, 473.0)
(14317, 473.0)
(14318, 473.0)
(14319, 473.0)
(14320, 473.0)
(14321, 473.0)
(14322, 473.0)
(14323, 473.0)
(14324, 473.0)
(14325, 473.0)
(14326, 473.0)
(14327, 473.0)
(14328, 473.0)
(14329, 473.0)
(14330, 473.0)
(14331, 473.0)
(14332, 473.0)
(14333, 473.0)
(14334, 473.0)
(14335, 473.0)
(14336, 473.0)
(14337, 473.0)
(14338, 473.0)
(14339, 473.0)
(14340, 473.0)
(14341, 473.0)
(14342, 473.0)
(14343, 473.0)
(14344, 473.0)
(14345, 473.0)
(14346, 473.0)
(14347, 473.0)
(14348, 473.0)
(14349, 473.0)
(14350, 473.0)
(14351, 473.0)
(14352, 473.0)
(14353, 473.0)
(14354, 473.0)
(14355, 473.0)
(14356, 473.0)
(14357, 473.0)
(14358, 473.0)
(14359, 473.0)
(14360, 473.0)
(14361, 473.0)
(14362, 473.0)
(14363, 473.0)
(14364, 473.0)
(14365, 473.0)
(14366, 473.0)
(14367, 473.0)
(14368, 473.0)
(14369, 473.0)
(14370, 473.0)
(14371, 473.0)
(14372, 473.0)
(14373, 473.0)
(14374, 473.0)
(14375, 473.0)
(14376, 473.0)
(14377, 473.0)
(14378, 473.0)
(14379, 473.0)
(14380, 473.0)
(14381, 473.0)
(14382, 473.0)
(14383, 473.0)
(14384, 473.0)
(14120, 470.5)
(14121, 470.5)
(14122, 470.5)
(14123, 470.5)
(14124, 470.5)
(14125, 470.5)
(14126, 470.5)
(14127, 470.5)
(14128, 470.5)
(14129, 470.5)
(14130, 470.5)
(14131, 470.5)
(14132, 470.5)
(14133, 470.5)
(14134, 470.5)
(14135, 470.5)
(14136, 470.5)
(14137, 470.5)
(14138, 470.5)
(14139, 470.5)
(14140, 470.5)
(14141, 470.5)
(14142, 470.5)
(14143, 470.5)
(14144, 470.5)
(14145, 470.5)
(14146, 470.5)
(14147, 470.5)
(14148, 470.5)
(14149, 470.5)
(14150, 470.5)
(14151, 470.5)
(14152, 470.5)
(14153, 470.5)
(14154, 470.5)
(14155, 470.5)
(14156, 470.5)
(14157, 470.5)
(14158, 470.5)
(14159, 470.5)
(14160, 470.5)
(14161, 470.5)
(14162, 470.5)
(14163, 470.5)
(14164, 470.5)
(14165, 470.5)
(14166, 470.5)
(14167, 470.5)
(14168, 470.5)
(14169, 470.5)
(14170, 470.5)
(14171, 470.5)
(14172, 470.5)
(14173, 470.5)
(14174, 470.5)
(14175, 470.5)
(14176, 470.5)
(14177, 470.5)
(14178, 470.5)
(14179, 470.5)
(14180, 470.5)
(14181, 470.5)
(14182, 470.5)
(14183, 470.5)
(14184, 470.5)
(14185, 470.5)
(14186, 470.5)
(14187, 470.5)
(14188, 470.5)
(14189, 470.5)
(14190, 470.5)
(14191, 470.5)
(14192, 470.5)
(14193, 470.5)
(14194, 470.5)
(14195, 470.5)
(14196, 470.5)
(14197, 470.5)
(14198, 470.5)
(14199, 470.5)
(11462, 460.27777777777777)
(11463, 460.27777777777777)
(11464, 460.27777777777777)
(11465, 460.27777777777777)
(11466, 460.27777777777777)
(11467, 460.27777777777777)
(11468, 460.27777777777777)
(11469, 460.27777777777777)
(11470, 460.27777777777777)
(11471, 460.27777777777777)
(11472, 460.27777777777777)
(11473, 460.27777777777777)
(11474, 460.27777777777777)
(11475, 460.27777777777777)
(11476, 460.27777777777777)
(11477, 460.27777777777777)
(11478, 460.27777777777777)
(11479, 460.27777777777777)
(11480, 460.27777777777777)
(11481, 460.27777777777777)
(11482, 460.27777777777777)
(11483, 460.27777777777777)
(11484, 460.27777777777777)
(11485, 460.27777777777777)
(11486, 460.27777777777777)
(11487, 460.27777777777777)
(11488, 460.27777777777777)
(11489, 460.27777777777777)
(11490, 460.27777777777777)
(11491, 460.27777777777777)
(11492, 460.27777777777777)
(11493, 460.27777777777777)
(11494, 460.27777777777777)
(11495, 460.27777777777777)
(11496, 460.27777777777777)
(11497, 460.27777777777777)
(11498, 460.27777777777777)
(11499, 460.27777777777777)
(11500, 460.27777777777777)
(11501, 460.27777777777777)
(11502, 460.27777777777777)
(11503, 460.27777777777777)
(11504, 460.27777777777777)
(11505, 460.27777777777777)
(11506, 460.27777777777777)
(11507, 460.27777777777777)
(11508, 460.27777777777777)
(11509, 460.27777777777777)
(11510, 460.27777777777777)
(11511, 460.27777777777777)
(11512, 460.27777777777777)
(11513, 460.27777777777777)
(11514, 460.27777777777777)
(11515, 460.27777777777777)
(11516, 460.27777777777777)
(11517, 460.27777777777777)
(11518, 460.27777777777777)
(11519, 460.27777777777777)
(11520, 460.27777777777777)
(11521, 460.27777777777777)
(11522, 460.27777777777777)
(11523, 460.27777777777777)
(11524, 460.27777777777777)
(11525, 460.27777777777777)
(11526, 460.27777777777777)
(11527, 460.27777777777777)
(11528, 460.27777777777777)
(11529, 460.27777777777777)
(11530, 460.27777777777777)
(11531, 460.27777777777777)
(11532, 460.27777777777777)
(11533, 460.27777777777777)
(11534, 460.27777777777777)
(11535, 460.27777777777777)
(11536, 460.27777777777777)
(11537, 460.27777777777777)
(15596, 432.25)
(15597, 432.25)
(15598, 432.25)
(15599, 432.25)
(15600, 432.25)
(15601, 432.25)
(15602, 432.25)
(15603, 432.25)
(15604, 432.25)
(15605, 432.25)
(15606, 432.25)
(15607, 432.25)
(15608, 432.25)
(15609, 432.25)
(15610, 432.25)
(15611, 432.25)
(15612, 432.25)
(15613, 432.25)
(15614, 432.25)
(15615, 432.25)
(15616, 432.25)
(15617, 432.25)
(15618, 432.25)
(15619, 432.25)
(15620, 432.25)
(15621, 432.25)
(15622, 432.25)
(15623, 432.25)
(15624, 432.25)
(15625, 432.25)
(15626, 432.25)
(15627, 432.25)
(15628, 432.25)
(15629, 432.25)
(15630, 432.25)
(15631, 432.25)
(15632, 432.25)
(15633, 432.25)
(15634, 432.25)
(15635, 432.25)
(15636, 432.25)
(15637, 432.25)
(15638, 432.25)
(15639, 432.25)
(15640, 432.25)
(15641, 432.25)
(15642, 432.25)
(15643, 432.25)
(15644, 432.25)
(15645, 432.25)
(15646, 432.25)
(15647, 432.25)
(15648, 432.25)
(15649, 432.25)
(15650, 432.25)
(15651, 432.25)
(15652, 432.25)
(15653, 432.25)
(15654, 432.25)
(15655, 432.25)
(15656, 432.25)
(15657, 432.25)
(15658, 432.25)
(15659, 432.25)
(15660, 432.25)
(15661, 432.25)
(15662, 432.25)
(15663, 432.25)
(15664, 432.25)
(15665, 432.25)
(15666, 432.25)
(15667, 432.25)
(15668, 432.25)
(15669, 432.25)
(15670, 432.25)
(15671, 432.25)
(15672, 432.25)
(15673, 432.25)
(15674, 432.25)
(15675, 432.25)
(15676, 432.25)
(15677, 432.25)
(15678, 432.25)
(15679, 432.25)
(15680, 432.25)
(15681, 432.25)
(15682, 432.25)
(15683, 432.25)
(15684, 432.25)
(15685, 432.25)
(15686, 432.25)
(15687, 432.25)
(15688, 432.25)
(15689, 432.25)
(15690, 432.25)
(15691, 432.25)
(15692, 432.25)
(15693, 432.25)
(15694, 432.25)
(15695, 432.25)
(15696, 432.25)
(15697, 432.25)
(15698, 432.25)
(15699, 432.25)
(10608, 421.2)
(10609, 421.2)
(10610, 421.2)
(10611, 421.2)
(10612, 421.2)
(10613, 421.2)
(10614, 421.2)
(10615, 421.2)
(10616, 421.2)
(10617, 421.2)
(10618, 421.2)
(10619, 421.2)
(10620, 421.2)
(10621, 421.2)
(10622, 421.2)
(10623, 421.2)
(10624, 421.2)
(10625, 421.2)
(10626, 421.2)
(10627, 421.2)
(10628, 421.2)
(10629, 421.2)
(10630, 421.2)
(10631, 421.2)
(10632, 421.2)
(10633, 421.2)
(10634, 421.2)
(10635, 421.2)
(10636, 421.2)
(10637, 421.2)
(10638, 421.2)
(10639, 421.2)
(10640, 421.2)
(10641, 421.2)
(10642, 421.2)
(10643, 421.2)
(10644, 421.2)
(10645, 421.2)
(10646, 421.2)
(10647, 421.2)
(10648, 421.2)
(10649, 421.2)
(10650, 421.2)
(10651, 421.2)
(10652, 421.2)
(10653, 421.2)
(10654, 421.2)
(10655, 421.2)
(10656, 421.2)
(10657, 421.2)
(10658, 421.2)
(10659, 421.2)
(10660, 421.2)
(10661, 421.2)
(10662, 421.2)
(10663, 421.2)
(10664, 421.2)
(10665, 421.2)
(10666, 421.2)
(10667, 421.2)
(10668, 421.2)
(10669, 421.2)
(10670, 421.2)
(10671, 421.2)
(10672, 421.2)
(10673, 421.2)
(10674, 421.2)
(10675, 421.2)
(10676, 421.2)
(10677, 421.2)
(10678, 421.2)
(10679, 421.2)
(10680, 421.2)
(10681, 421.2)
(10682, 421.2)
(10683, 421.2)
(10684, 421.2)
(10685, 421.2)
(10686, 421.2)
(10687, 421.2)
(10688, 421.2)
(10689, 421.2)
(10690, 421.2)
(10691, 421.2)
(10692, 421.2)
(10693, 421.2)
(10694, 421.2)
(10695, 421.2)
(10696, 421.2)
(10697, 421.2)
(10698, 421.2)
(10699, 421.2)
(10700, 421.2)
(10701, 421.2)
(10702, 421.2)
(10703, 421.2)
(10704, 421.2)
(10705, 421.2)
(10706, 421.2)
(10707, 421.2)
(10708, 421.2)
(10709, 421.2)
(10710, 421.2)
(10711, 421.2)
(10712, 421.2)
(10713, 421.2)
(10714, 421.2)
(10715, 421.2)
(10716, 421.2)
(10717, 421.2)
(5276, 420.8)
(5277, 420.8)
(5278, 420.8)
(5279, 420.8)
(5280, 420.8)
(5281, 420.8)
(5282, 420.8)
(5283, 420.8)
(5284, 420.8)
(12968, 419.0)
(12969, 419.0)
(12970, 419.0)
(12971, 419.0)
(12972, 419.0)
(12973, 419.0)
(12974, 419.0)
(12975, 419.0)
(12976, 419.0)
(12977, 419.0)
(12978, 419.0)
(12979, 419.0)
(12980, 419.0)
(12981, 419.0)
(12982, 419.0)
(12983, 419.0)
(12984, 419.0)
(12985, 419.0)
(12986, 419.0)
(12987, 419.0)
(12988, 419.0)
(12989, 419.0)
(12990, 419.0)
(12991, 419.0)
(12992, 419.0)
(12993, 419.0)
(12994, 419.0)
(12995, 419.0)
(12996, 419.0)
(12997, 419.0)
(12998, 419.0)
(12999, 419.0)
(13000, 419.0)
(13001, 419.0)
(13002, 419.0)
(13003, 419.0)
(13004, 419.0)
(13005, 419.0)
(13006, 419.0)
(13007, 419.0)
(13008, 419.0)
(13009, 419.0)
(13010, 419.0)
(13011, 419.0)
(13012, 419.0)
(13013, 419.0)
(13014, 419.0)
(13015, 419.0)
(13016, 419.0)
(13017, 419.0)
(13018, 419.0)
(13019, 419.0)
(13020, 419.0)
(13021, 419.0)
(13022, 419.0)
(13023, 419.0)
(13024, 419.0)
(13025, 419.0)
(13026, 419.0)
(13027, 419.0)
(13028, 419.0)
(13029, 419.0)
(13030, 419.0)
(13031, 419.0)
(13032, 419.0)
(13033, 419.0)
(13034, 419.0)
(13035, 419.0)
(13036, 419.0)
(13037, 419.0)
(13038, 419.0)
(13039, 419.0)
(13040, 419.0)
(13041, 419.0)
(13042, 419.0)
(13043, 419.0)
(13044, 419.0)
(13045, 419.0)
(13046, 419.0)
(13047, 419.0)
(13048, 419.0)
(13049, 419.0)
(13050, 419.0)
(13051, 419.0)
(13052, 419.0)
(13053, 419.0)
(13054, 419.0)
(13055, 419.0)
(13056, 419.0)
(13057, 419.0)
(13058, 419.0)
(13059, 419.0)
(13060, 419.0)
(13061, 419.0)
(13062, 419.0)
(13063, 419.0)
(13064, 419.0)
(13065, 419.0)
(13066, 419.0)
(13067, 419.0)
(13068, 419.0)
(13069, 419.0)
(13070, 419.0)
(13071, 419.0)
(13072, 419.0)
(13073, 419.0)
(13074, 419.0)
(13075, 419.0)
(13076, 419.0)
(13077, 419.0)
(13078, 419.0)
(13079, 419.0)
(13080, 419.0)
(13081, 419.0)
(13082, 419.0)
(13083, 419.0)
(13084, 419.0)
(13085, 419.0)
(13086, 419.0)
(13087, 419.0)
(13088, 419.0)
(13089, 419.0)
(13090, 419.0)
(13091, 419.0)
(13092, 419.0)
(13093, 419.0)
(13094, 419.0)
(13095, 419.0)
(13096, 419.0)
(13097, 419.0)
(13098, 419.0)
(13099, 419.0)
(13100, 419.0)
(13101, 419.0)
(13102, 419.0)
(13103, 419.0)
(13104, 419.0)
(13105, 419.0)
(13106, 419.0)
(13107, 419.0)
(13108, 419.0)
(13109, 419.0)
(13110, 419.0)
(13111, 419.0)
(13112, 417.2)
(13113, 417.2)
(13114, 417.2)
(13115, 417.2)
(13116, 417.2)
(13117, 417.2)
(13118, 417.2)
(13119, 417.2)
(13120, 417.2)
(13121, 417.2)
(13122, 417.2)
(13123, 417.2)
(13124, 417.2)
(13125, 417.2)
(13126, 417.2)
(13127, 417.2)
(13128, 417.2)
(13129, 417.2)
(13130, 417.2)
(13131, 417.2)
(13132, 417.2)
(13133, 417.2)
(13134, 417.2)
(13135, 417.2)
(13136, 417.2)
(13137, 417.2)
(13138, 417.2)
(13139, 417.2)
(13140, 417.2)
(13141, 417.2)
(13142, 417.2)
(13143, 417.2)
(13144, 417.2)
(13145, 417.2)
(13146, 417.2)
(13147, 417.2)
(13148, 417.2)
(13149, 417.2)
(13150, 417.2)
(13151, 417.2)
(13152, 417.2)
(13153, 417.2)
(13154, 417.2)
(13155, 417.2)
(13156, 417.2)
(13157, 417.2)
(13158, 417.2)
(13159, 417.2)
(13160, 417.2)
(13161, 417.2)
(13162, 417.2)
(13163, 417.2)
(13164, 417.2)
(13165, 417.2)
(13166, 417.2)
(13167, 417.2)
(13168, 417.2)
(13169, 417.2)
(13170, 417.2)
(13171, 417.2)
(13172, 417.2)
(13173, 417.2)
(13174, 417.2)
(13175, 417.2)
(13176, 417.2)
(13177, 417.2)
(13178, 417.2)
(13179, 417.2)
(13180, 417.2)
(13181, 417.2)
(13182, 417.2)
(13183, 417.2)
(13184, 417.2)
(13185, 417.2)
(13186, 417.2)
(13187, 417.2)
(13188, 417.2)
(13189, 417.2)
(13190, 417.2)
(13191, 417.2)
(13192, 417.2)
(13193, 417.2)
(13194, 417.2)
(13195, 417.2)
(13196, 417.2)
(13197, 417.2)
(13198, 417.2)
(13199, 417.2)
(13200, 417.2)
(13201, 417.2)
(15826, 408.0)
(15827, 408.0)
(15828, 408.0)
(15829, 408.0)
(15830, 408.0)
(15831, 408.0)
(15832, 408.0)
(15833, 408.0)
(15834, 408.0)
(15835, 408.0)
(15836, 408.0)
(15837, 408.0)
(15838, 408.0)
(15839, 408.0)
(12764, 406.5625)
(12765, 406.5625)
(12766, 406.5625)
(12767, 406.5625)
(12768, 406.5625)
(12769, 406.5625)
(12770, 406.5625)
(12771, 406.5625)
(12772, 406.5625)
(12773, 406.5625)
(12774, 406.5625)
(12775, 406.5625)
(12776, 406.5625)
(12777, 406.5625)
(12778, 406.5625)
(12779, 406.5625)
(12780, 406.5625)
(12781, 406.5625)
(12782, 406.5625)
(12783, 406.5625)
(12784, 406.5625)
(12785, 406.5625)
(12786, 406.5625)
(12787, 406.5625)
(12788, 406.5625)
(12789, 406.5625)
(12790, 406.5625)
(12791, 406.5625)
(12792, 406.5625)
(12793, 406.5625)
(12794, 406.5625)
(12795, 406.5625)
(12796, 406.5625)
(12797, 406.5625)
(12798, 406.5625)
(12799, 406.5625)
(12800, 406.5625)
(12801, 406.5625)
(12802, 406.5625)
(12803, 406.5625)
(12804, 406.5625)
(12805, 406.5625)
(12806, 406.5625)
(12807, 406.5625)
(12808, 406.5625)
(14028, 402.8571428571429)
(14029, 402.8571428571429)
(14030, 402.8571428571429)
(14031, 402.8571428571429)
(14032, 402.8571428571429)
(14033, 402.8571428571429)
(14034, 402.8571428571429)
(14035, 402.8571428571429)
(14036, 402.8571428571429)
(14037, 402.8571428571429)
(14038, 402.8571428571429)
(14039, 402.8571428571429)
(14040, 402.8571428571429)
(14041, 402.8571428571429)
(14042, 402.8571428571429)
(14043, 402.8571428571429)
(14044, 402.8571428571429)
(14045, 402.8571428571429)
(14046, 402.8571428571429)
(14047, 402.8571428571429)
(14048, 402.8571428571429)
(14049, 402.8571428571429)
(14050, 402.8571428571429)
(14051, 402.8571428571429)
(14052, 402.8571428571429)
(14053, 402.8571428571429)
(14054, 402.8571428571429)
(14055, 402.8571428571429)
(14056, 402.8571428571429)
(14057, 402.8571428571429)
(14058, 402.8571428571429)
(14059, 402.8571428571429)
(14060, 402.8571428571429)
(14061, 402.8571428571429)
(14062, 402.8571428571429)
(14063, 402.8571428571429)
(14064, 402.8571428571429)
(14065, 402.8571428571429)
(14066, 402.8571428571429)
(14067, 402.8571428571429)
(14068, 402.8571428571429)
(14069, 402.8571428571429)
(14070, 402.8571428571429)
(14071, 402.8571428571429)
(14072, 402.8571428571429)
(14073, 402.8571428571429)
(14074, 402.8571428571429)
(14075, 402.8571428571429)
(14076, 402.8571428571429)
(14077, 402.8571428571429)
(14078, 402.8571428571429)
(14079, 402.8571428571429)
(14080, 402.8571428571429)
(14081, 402.8571428571429)
(14082, 402.8571428571429)
(14083, 402.8571428571429)
(14084, 402.8571428571429)
(14085, 402.8571428571429)
(14086, 402.8571428571429)
(14087, 402.8571428571429)
(14088, 402.8571428571429)
(14089, 402.8571428571429)
(14090, 402.8571428571429)
(14091, 402.8571428571429)
(14092, 402.8571428571429)
(14093, 402.8571428571429)
(14094, 402.8571428571429)
(14095, 402.8571428571429)
(14096, 402.8571428571429)
(14097, 402.8571428571429)
(14098, 402.8571428571429)
(14099, 402.8571428571429)
(14100, 402.8571428571429)
(14101, 402.8571428571429)
(14102, 402.8571428571429)
(14103, 402.8571428571429)
(14104, 402.8571428571429)
(14105, 402.8571428571429)
(14106, 402.8571428571429)
(14107, 402.8571428571429)
(14108, 402.8571428571429)
(14109, 402.8571428571429)
(14110, 402.8571428571429)
(14111, 402.8571428571429)
(14112, 402.8571428571429)
(14113, 402.8571428571429)
(14114, 402.8571428571429)
(14115, 402.8571428571429)
(14116, 402.8571428571429)
(14117, 402.8571428571429)
(14118, 402.8571428571429)
(14119, 402.8571428571429)
(11538, 390.9090909090909)
(11539, 390.9090909090909)
(11540, 390.9090909090909)
(11541, 390.9090909090909)
(11542, 390.9090909090909)
(11543, 390.9090909090909)
(11544, 390.9090909090909)
(11545, 390.9090909090909)
(11546, 390.9090909090909)
(11547, 390.9090909090909)
(11548, 390.9090909090909)
(11549, 390.9090909090909)
(11550, 390.9090909090909)
(11551, 390.9090909090909)
(11552, 390.9090909090909)
(11553, 390.9090909090909)
(11554, 390.9090909090909)
(11555, 390.9090909090909)
(11556, 390.9090909090909)
(11557, 390.9090909090909)
(11558, 390.9090909090909)
(11559, 390.9090909090909)
(11560, 390.9090909090909)
(11561, 390.9090909090909)
(11562, 390.9090909090909)
(11563, 390.9090909090909)
(11564, 390.9090909090909)
(11565, 390.9090909090909)
