(14214, 366.0)
(14215, 366.0)
(14216, 366.0)
(14217, 366.0)
(14218, 366.0)
(14219, 366.0)
(14220, 366.0)
(14221, 366.0)
(14222, 366.0)
(14223, 366.0)
(14224, 366.0)
(14225, 366.0)
(14226, 366.0)
(14227, 366.0)
(14228, 366.0)
(14229, 366.0)
(14230, 366.0)
(14231, 366.0)
(14232, 366.0)
(14233, 366.0)
(14234, 366.0)
(14235, 366.0)
(14236, 366.0)
(14237, 366.0)
(14238, 366.0)
(14239, 366.0)
(14240, 366.0)
(14241, 366.0)
(14242, 366.0)
(14243, 366.0)
(14244, 366.0)
(14245, 366.0)
(14246, 366.0)
(14247, 366.0)
(14248, 366.0)
(14249, 366.0)
(14250, 366.0)
(14251, 366.0)
(14252, 366.0)
(14253, 366.0)
(14254, 366.0)
(14255, 366.0)
(14256, 366.0)
(14257, 366.0)
(14258, 366.0)
(14259, 366.0)
(14260, 366.0)
(14261, 366.0)
(14262, 366.0)
(14263, 366.0)
(14264, 366.0)
(14265, 366.0)
(14266, 366.0)
(14267, 366.0)
(14268, 366.0)
(14269, 366.0)
(14270, 366.0)
(14271, 366.0)
(14272, 366.0)
(14273, 366.0)
(14274, 366.0)
(14275, 366.0)
(14276, 366.0)
(14277, 366.0)
(14278, 366.0)
(14279, 366.0)
(14280, 366.0)
(14281, 366.0)
(14282, 366.0)
(14689, 366.0)
(14690, 366.0)
(14691, 366.0)
(14692, 366.0)
(14693, 366.0)
(14694, 366.0)
(14695, 366.0)
(14696, 366.0)
(14697, 366.0)
(14698, 366.0)
(14699, 366.0)
(14700, 366.0)
(14701, 366.0)
(14702, 366.0)
(14703, 366.0)
(14704, 366.0)
(14705, 366.0)
(14706, 366.0)
(14707, 366.0)
(14708, 366.0)
(14709, 366.0)
(14710, 366.0)
(14711, 366.0)
(14712, 366.0)
(14713, 366.0)
(14714, 366.0)
(14715, 366.0)
(14716, 366.0)
(14717, 366.0)
(14718, 366.0)
(14719, 366.0)
(14720, 366.0)
(14721, 366.0)
(14722, 366.0)
(14723, 366.0)
(14724, 366.0)
(14725, 366.0)
(14726, 366.0)
(14727, 366.0)
(14728, 366.0)
(14729, 366.0)
(14730, 366.0)
(14731, 366.0)
(14732, 366.0)
(14733, 366.0)
(14734, 366.0)
(14735, 366.0)
(14736, 366.0)
(14737, 366.0)
(14738, 366.0)
(14739, 366.0)
(14740, 366.0)
(14741, 366.0)
(14742, 366.0)
(14743, 366.0)
(14744, 366.0)
(14745, 366.0)
(14746, 366.0)
(14747, 366.0)
(14748, 366.0)
(14749, 366.0)
(14750, 366.0)
(14751, 366.0)
(14752, 366.0)
(14753, 366.0)
(14754, 366.0)
(14755, 366.0)
(14756, 366.0)
(14757, 366.0)
(14758, 366.0)
(14759, 366.0)
(14760, 366.0)
(14761, 366.0)
(14762, 366.0)
(14763, 366.0)
(14764, 366.0)
(14765, 366.0)
(14766, 366.0)
(14767, 366.0)
(14768, 366.0)
(14769, 366.0)
(14770, 366.0)
(14771, 366.0)
(14772, 366.0)
(14773, 366.0)
(14774, 366.0)
(14775, 366.0)
(14776, 366.0)
(14777, 366.0)
(14778, 366.0)
(14779, 366.0)
(14780, 366.0)
(14781, 366.0)
(14782, 366.0)
(14783, 366.0)
(14784, 366.0)
(14785, 366.0)
(14786, 366.0)
(14787, 366.0)
(14788, 366.0)
(14789, 366.0)
(14790, 366.0)
(14791, 366.0)
(14792, 366.0)
(14793, 366.0)
(14794, 366.0)
(14795, 366.0)
(14796, 366.0)
(14797, 366.0)
(14798, 366.0)
(14799, 366.0)
(14800, 366.0)
(14801, 366.0)
(14802, 366.0)
(14803, 366.0)
(14804, 366.0)
(14805, 366.0)
(14806, 366.0)
(14807, 366.0)
(14808, 366.0)
(14809, 366.0)
(14810, 366.0)
(14811, 366.0)
(14812, 366.0)
(14813, 366.0)
(14814, 366.0)
(14815, 366.0)
(14816, 366.0)
(14817, 366.0)
(14818, 366.0)
(14819, 366.0)
(14820, 366.0)
(14821, 366.0)
(14822, 366.0)
(14823, 366.0)
(14824, 366.0)
(14825, 366.0)
(14826, 366.0)
(14827, 366.0)
(14828, 366.0)
(14829, 366.0)
(14830, 366.0)
(14831, 366.0)
(14832, 366.0)
(14833, 366.0)
(14834, 366.0)
(14835, 366.0)
(14836, 366.0)
(14837, 366.0)
(14838, 366.0)
(14839, 366.0)
(14840, 366.0)
(14841, 366.0)
(14842, 366.0)
(14843, 366.0)
(14844, 366.0)
(14845, 366.0)
(14846, 366.0)
(14847, 366.0)
(14848, 366.0)
(14849, 366.0)
(14850, 366.0)
(14851, 366.0)
(14852, 366.0)
(14853, 366.0)
(14854, 366.0)
(14855, 366.0)
(14856, 366.0)
(14857, 366.0)
(14858, 366.0)
(14859, 366.0)
(14860, 366.0)
(14861, 366.0)
(14862, 366.0)
(14863, 366.0)
(14864, 366.0)
(14865, 366.0)
(14866, 366.0)
(14867, 366.0)
(14868, 366.0)
(14869, 366.0)
(14870, 366.0)
(14871, 366.0)
(14872, 366.0)
(14873, 366.0)
(14874, 366.0)
(14875, 366.0)
(6294, 356.7647058823529)
(6295, 356.7647058823529)
(6296, 356.7647058823529)
(6297, 356.7647058823529)
(6298, 356.7647058823529)
(6299, 356.7647058823529)
(6300, 356.7647058823529)
(6301, 356.7647058823529)
(6302, 356.7647058823529)
(6303, 356.7647058823529)
(6304, 356.7647058823529)
(6305, 356.7647058823529)
(6306, 356.7647058823529)
(6307, 356.7647058823529)
(6308, 356.7647058823529)
(6309, 356.7647058823529)
(6310, 356.7647058823529)
(6311, 356.7647058823529)
(6312, 356.7647058823529)
(6313, 356.7647058823529)
(6314, 356.7647058823529)
(6315, 356.7647058823529)
(6316, 356.7647058823529)
(6317, 356.7647058823529)
(6318, 356.7647058823529)
(6319, 356.7647058823529)
(6320, 356.7647058823529)
(6321, 356.7647058823529)
(6322, 356.7647058823529)
(6323, 356.7647058823529)
(6324, 356.7647058823529)
(6325, 356.7647058823529)
(6326, 356.7647058823529)
(6327, 356.7647058823529)
(6328, 356.7647058823529)
(6329, 356.7647058823529)
(6330, 356.7647058823529)
(6331, 356.7647058823529)
(6332, 356.7647058823529)
(6333, 356.7647058823529)
(6334, 356.7647058823529)
(6335, 356.7647058823529)
(6336, 356.7647058823529)
(6337, 356.7647058823529)
(6338, 356.7647058823529)
(13642, 353.8095238095238)
(13643, 353.8095238095238)
(13644, 353.8095238095238)
(15313, 347.55555555555554)
(15314, 347.55555555555554)
(15315, 347.55555555555554)
(15316, 347.55555555555554)
(15317, 347.55555555555554)
(15318, 347.55555555555554)
(15319, 347.55555555555554)
(15320, 347.55555555555554)
(15321, 347.55555555555554)
(15322, 347.55555555555554)
(15323, 347.55555555555554)
(15324, 347.55555555555554)
(15325, 347.55555555555554)
(15326, 347.55555555555554)
(15327, 347.55555555555554)
(15328, 347.55555555555554)
(15329, 347.55555555555554)
(15330, 347.55555555555554)
(15331, 347.55555555555554)
(15332, 347.55555555555554)
(15333, 347.55555555555554)
(15334, 347.55555555555554)
(15335, 347.55555555555554)
(15336, 347.55555555555554)
(15337, 347.55555555555554)
(15338, 347.55555555555554)
(15339, 347.55555555555554)
(15340, 347.55555555555554)
(15341, 347.55555555555554)
(15342, 347.55555555555554)
(15343, 347.55555555555554)
(15344, 347.55555555555554)
(15345, 347.55555555555554)
(15346, 347.55555555555554)
(15347, 347.55555555555554)
(15348, 347.55555555555554)
(15349, 347.55555555555554)
(15350, 347.55555555555554)
(15351, 347.55555555555554)
(15352, 347.55555555555554)
(15353, 347.55555555555554)
(15354, 347.55555555555554)
(15355, 347.55555555555554)
(15356, 347.55555555555554)
(15357, 347.55555555555554)
(15358, 347.55555555555554)
(15359, 347.55555555555554)
(15360, 347.55555555555554)
(15361, 347.55555555555554)
(15362, 347.55555555555554)
(15363, 347.55555555555554)
(15364, 347.55555555555554)
(15365, 347.55555555555554)
(15366, 347.55555555555554)
(15367, 347.55555555555554)
(15368, 347.55555555555554)
(15369, 347.55555555555554)
(15370, 347.55555555555554)
(15371, 347.55555555555554)
(15372, 347.55555555555554)
(15373, 347.55555555555554)
(15374, 347.55555555555554)
(15375, 347.55555555555554)
(15376, 347.55555555555554)
(15377, 347.55555555555554)
(15378, 347.55555555555554)
(15379, 347.55555555555554)
(15380, 347.55555555555554)
(15381, 347.55555555555554)
(15382, 347.55555555555554)
(15383, 347.55555555555554)
(15384, 347.55555555555554)
(15385, 347.55555555555554)
(15386, 347.55555555555554)
(15387, 347.55555555555554)
(15388, 347.55555555555554)
(15389, 347.55555555555554)
(15390, 347.55555555555554)
(15391, 347.55555555555554)
(15392, 347.55555555555554)
(15393, 347.55555555555554)
(15394, 347.55555555555554)
(14568, 335.5)
(14569, 335.5)
(14570, 335.5)
(14571, 335.5)
(14572, 335.5)
(14573, 335.5)
(14574, 335.5)
(14575, 335.5)
(14576, 335.5)
(14577, 335.5)
(14578, 335.5)
(14579, 335.5)
(14580, 335.5)
(14581, 335.5)
(14582, 335.5)
(14583, 335.5)
(14584, 335.5)
(14585, 335.5)
(14586, 335.5)
(14587, 335.5)
(14588, 335.5)
(14589, 335.5)
(14590, 335.5)
(14591, 335.5)
(14592, 335.5)
(14593, 335.5)
(14594, 335.5)
(14595, 335.5)
(11679, 329.25)
(11680, 329.25)
(11309, 328.8)
(11310, 328.8)
(11311, 328.8)
(11312, 328.8)
(11313, 328.8)
(11314, 328.8)
(11315, 328.8)
(11316, 328.8)
(11317, 328.8)
(11318, 328.8)
(11319, 328.8)
(11320, 328.8)
(11321, 328.8)
(11322, 328.8)
(11323, 328.8)
(11324, 328.8)
(11325, 328.8)
(11326, 328.8)
(11327, 328.8)
(11328, 328.8)
(11329, 328.8)
(11330, 328.8)
(11331, 328.8)
(11332, 328.8)
(11333, 328.8)
(11334, 328.8)
(11335, 328.8)
(11336, 328.8)
(11337, 328.8)
(11338, 328.8)
(11339, 328.8)
(11340, 328.8)
(11341, 328.8)
(11342, 328.8)
(11343, 328.8)
(11344, 328.8)
(11345, 328.8)
(11346, 328.8)
(11347, 328.8)
(11348, 328.8)
(11349, 328.8)
(11350, 328.8)
(11351, 328.8)
(11352, 328.8)
(11353, 328.8)
(11354, 328.8)
(11355, 328.8)
(11356, 328.8)
(11357, 328.8)
(11358, 328.8)
(11359, 328.8)
(11360, 328.8)
(11361, 328.8)
(11362, 328.8)
(11363, 328.8)
(11364, 328.8)
(11365, 328.8)
(11366, 328.8)
(11367, 328.8)
(11368, 328.8)
(11369, 328.8)
(11370, 328.8)
(11371, 328.8)
(11372, 328.8)
(11373, 328.8)
(11374, 328.8)
(13982, 326.45833333333337)
(13983, 326.45833333333337)
(13984, 326.45833333333337)
(13985, 326.45833333333337)
(13986, 326.45833333333337)
(13987, 326.45833333333337)
(13988, 326.45833333333337)
(13989, 326.45833333333337)
(13990, 326.45833333333337)
(13991, 326.45833333333337)
(13992, 326.45833333333337)
(13993, 326.45833333333337)
(13994, 326.45833333333337)
(13995, 326.45833333333337)
(13996, 326.45833333333337)
(13997, 326.45833333333337)
(13998, 326.45833333333337)
(13999, 326.45833333333337)
(14000, 326.45833333333337)
(14001, 326.45833333333337)
(14002, 326.45833333333337)
(14003, 326.45833333333337)
(14004, 326.45833333333337)
(14005, 326.45833333333337)
(14006, 326.45833333333337)
(14007, 326.45833333333337)
(14008, 326.45833333333337)
(14009, 326.45833333333337)
(14010, 326.45833333333337)
(14011, 326.45833333333337)
(14012, 326.45833333333337)
(14013, 326.45833333333337)
(14014, 326.45833333333337)
(15794, 320.22222222222223)
(15795, 320.22222222222223)
(15796, 320.22222222222223)
(15797, 320.22222222222223)
(15798, 320.22222222222223)
(15799, 320.22222222222223)
(15800, 320.22222222222223)
(15801, 320.22222222222223)
(15802, 320.22222222222223)
(15803, 320.22222222222223)
(15804, 320.22222222222223)
(15805, 320.22222222222223)
(15806, 320.22222222222223)
(15807, 320.22222222222223)
(15808, 320.22222222222223)
(15809, 320.22222222222223)
(15810, 320.22222222222223)
(15811, 320.22222222222223)
(15812, 320.22222222222223)
(15813, 320.22222222222223)
(15814, 320.22222222222223)
(8216, 319.0625)
(8217, 319.0625)
(8218, 319.0625)
(8219, 319.0625)
(8220, 319.0625)
(8221, 319.0625)
(8222, 319.0625)
(8223, 319.0625)
(8224, 319.0625)
(8225, 319.0625)
(8226, 319.0625)
(8227, 319.0625)
(8228, 319.0625)
(8229, 319.0625)
(8230, 319.0625)
(8231, 319.0625)
(8232, 319.0625)
(8233, 319.0625)
(14480, 316.6)
(14481, 316.6)
(14482, 316.6)
(14483, 316.6)
(14484, 316.6)
(14485, 316.6)
(14486, 316.6)
(14487, 316.6)
(14488, 316.6)
(14489, 316.6)
(14490, 316.6)
(14491, 316.6)
(14492, 316.6)
(14493, 316.6)
(14494, 316.6)
(14495, 316.6)
(14496, 316.6)
(14497, 316.6)
(14498, 316.6)
(14499, 316.6)
(14500, 316.6)
(14501, 316.6)
(14502, 316.6)
(14503, 316.6)
(14504, 316.6)
(14505, 316.6)
(14506, 316.6)
(14507, 316.6)
(14508, 316.6)
(14509, 316.6)
(14510, 316.6)
(14511, 316.6)
(14512, 316.6)
(14513, 316.6)
(14514, 316.6)
(14515, 316.6)
(14516, 316.6)
(14517, 316.6)
(14518, 316.6)
(14519, 316.6)
(14520, 316.6)
(14521, 316.6)
(14887, 315.6756756756757)
(14888, 315.6756756756757)
(14889, 315.6756756756757)
(14890, 315.6756756756757)
(14891, 315.6756756756757)
(14892, 315.6756756756757)
(14893, 315.6756756756757)
(14894, 315.6756756756757)
(12834, 312.85714285714283)
(12835, 312.85714285714283)
(12836, 312.85714285714283)
(12837, 312.85714285714283)
(12838, 312.85714285714283)
(12839, 312.85714285714283)
(12840, 312.85714285714283)
(12841, 312.85714285714283)
(12842, 312.85714285714283)
(12843, 312.85714285714283)
(12844, 312.85714285714283)
(12845, 312.85714285714283)
(12846, 312.85714285714283)
(12847, 312.85714285714283)
(12848, 312.85714285714283)
(12849, 312.85714285714283)
(12850, 312.85714285714283)
(12851, 312.85714285714283)
(12852, 312.85714285714283)
(12853, 312.85714285714283)
(12854, 312.85714285714283)
(12855, 312.85714285714283)
(12856, 312.85714285714283)
(12857, 312.85714285714283)
(12858, 312.85714285714283)
(12859, 312.85714285714283)
(12860, 312.85714285714283)
(12861, 312.85714285714283)
(12672, 309.0)
(12673, 309.0)
(12674, 309.0)
(12675, 309.0)
(12676, 309.0)
(12677, 309.0)
(12678, 309.0)
(12679, 309.0)
(12680, 309.0)
(12681, 309.0)
(12682, 309.0)
(12683, 309.0)
(12684, 309.0)
(12685, 309.0)
(12686, 309.0)
(12687, 309.0)
(12688, 309.0)
(12689, 309.0)
(12690, 309.0)
(12691, 309.0)
(12692, 309.0)
(12693, 309.0)
(12694, 309.0)
(12695, 309.0)
(12696, 309.0)
(12697, 309.0)
(12698, 309.0)
(12699, 309.0)
(12700, 309.0)
(12701, 309.0)
(12702, 309.0)
(12703, 309.0)
(12704, 309.0)
(12705, 309.0)
(12706, 309.0)
(12707, 309.0)
(12708, 309.0)
(12709, 309.0)
(12710, 309.0)
(12711, 309.0)
(12712, 309.0)
(12713, 309.0)
(12714, 309.0)
(12715, 309.0)
(12716, 309.0)
(12717, 309.0)
(12718, 309.0)
(12719, 309.0)
(12720, 309.0)
(12721, 309.0)
(12722, 309.0)
(12723, 309.0)
(12724, 309.0)
(12725, 309.0)
(12726, 309.0)
(12727, 309.0)
(12728, 309.0)
(12729, 309.0)
(12730, 309.0)
(12731, 309.0)
(12732, 309.0)
(12733, 309.0)
(12734, 309.0)
(12735, 309.0)
(12736, 309.0)
(12737, 309.0)
(12738, 309.0)
(12739, 309.0)
(12740, 309.0)
(12741, 309.0)
(12742, 309.0)
(12743, 309.0)
(12744, 309.0)
(12745, 309.0)
(12746, 309.0)
(12747, 309.0)
(12748, 309.0)
(12749, 309.0)
(12750, 309.0)
(12751, 309.0)
(12752, 309.0)
(12753, 309.0)
(12754, 309.0)
(12755, 309.0)
(12756, 309.0)
(12757, 309.0)
(12758, 309.0)
(12759, 309.0)
(12760, 309.0)
(12761, 309.0)
(12762, 309.0)
(12763, 309.0)
(12630, 299.64285714285717)
(12631, 299.64285714285717)
(12632, 299.64285714285717)
(12633, 299.64285714285717)
(12634, 299.64285714285717)
(12635, 299.64285714285717)
(12636, 299.64285714285717)
(12637, 299.64285714285717)
(12638, 299.64285714285717)
(12639, 299.64285714285717)
(12640, 299.64285714285717)
(12641, 299.64285714285717)
(12642, 299.64285714285717)
(12643, 299.64285714285717)
(12644, 299.64285714285717)
(12645, 299.64285714285717)
(12646, 299.64285714285717)
(12647, 299.64285714285717)
(12648, 299.64285714285717)
(12649, 299.64285714285717)
(12650, 299.64285714285717)
(12651, 299.64285714285717)
(12652, 299.64285714285717)
(12653, 299.64285714285717)
(12654, 299.64285714285717)
(12655, 299.64285714285717)
(12656, 299.64285714285717)
(12657, 299.64285714285717)
(12658, 299.64285714285717)
(12659, 299.64285714285717)
(12660, 299.64285714285717)
(12661, 299.64285714285717)
(12662, 299.64285714285717)
(12663, 299.64285714285717)
(12664, 299.64285714285717)
(12665, 299.64285714285717)
(12666, 299.64285714285717)
(12667, 299.64285714285717)
(12668, 299.64285714285717)
(12669, 299.64285714285717)
(12670, 299.64285714285717)
(12671, 299.64285714285717)
(12448, 290.0)
(12449, 290.0)
(12450, 290.0)
(12451, 290.0)
(12452, 290.0)
(12453, 290.0)
(12454, 290.0)
(12455, 290.0)
(12456, 290.0)
(12457, 290.0)
(12458, 290.0)
(12459, 290.0)
(12460, 290.0)
(12461, 290.0)
(12462, 290.0)
(12463, 290.0)
(12464, 290.0)
(12465, 290.0)
(12466, 290.0)
(12467, 290.0)
(12468, 290.0)
(12469, 290.0)
(12470, 290.0)
(12471, 290.0)
(12472, 290.0)
(12473, 290.0)
(12474, 290.0)
(12475, 290.0)
(12476, 290.0)
(12477, 290.0)
(12478, 290.0)
(12479, 290.0)
(12480, 290.0)
(12481, 290.0)
(12482, 290.0)
(12483, 290.0)
(12484, 290.0)
(12485, 290.0)
(12486, 290.0)
(12487, 290.0)
(12488, 290.0)
(12489, 290.0)
(12490, 290.0)
(12491, 290.0)
(12492, 290.0)
(12493, 290.0)
(12494, 290.0)
(12495, 290.0)
(12496, 290.0)
(12497, 290.0)
(12498, 290.0)
(12499, 290.0)
(10718, 290.0)
(10719, 290.0)
(10720, 290.0)
(10721, 290.0)
(10722, 290.0)
(10723, 290.0)
(13645, 284.0)
(13646, 284.0)
(13647, 284.0)
(13648, 284.0)
(13649, 284.0)
(13650, 284.0)
(13651, 284.0)
(13652, 284.0)
(13653, 284.0)
(13654, 284.0)
(13655, 284.0)
(13656, 284.0)
(13657, 284.0)
(13658, 284.0)
(13659, 284.0)
(14297, 279.3333333333333)
(14298, 279.3333333333333)
(14299, 279.3333333333333)
(14300, 279.3333333333333)
(14301, 279.3333333333333)
(14302, 279.3333333333333)
(14303, 279.3333333333333)
(14304, 279.3333333333333)
(14305, 279.3333333333333)
(14306, 279.3333333333333)
(14307, 279.3333333333333)
(14308, 279.3333333333333)
(10724, 278.6842105263158)
(10725, 278.6842105263158)
(10726, 278.6842105263158)
(10727, 278.6842105263158)
(10728, 278.6842105263158)
(10729, 278.6842105263158)
(10730, 278.6842105263158)
(10731, 278.6842105263158)
(10732, 278.6842105263158)
(10733, 278.6842105263158)
(10734, 278.6842105263158)
(10735, 278.6842105263158)
(10736, 278.6842105263158)
(10737, 278.6842105263158)
(10738, 278.6842105263158)
(10739, 278.6842105263158)
(10740, 278.6842105263158)
(10741, 278.6842105263158)
(10742, 278.6842105263158)
(10743, 278.6842105263158)
(10744, 278.6842105263158)
(10745, 278.6842105263158)
(10746, 278.6842105263158)
(10747, 278.6842105263158)
(10748, 278.6842105263158)
(10749, 278.6842105263158)
(10750, 278.6842105263158)
(10751, 278.6842105263158)
(10752, 278.6842105263158)
(10753, 278.6842105263158)
(10754, 278.6842105263158)
(10755, 278.6842105263158)
(10756, 278.6842105263158)
(10757, 278.6842105263158)
(10758, 278.6842105263158)
(10759, 278.6842105263158)
(10760, 278.6842105263158)
(10761, 278.6842105263158)
(10762, 278.6842105263158)
(10763, 278.6842105263158)
(10764, 278.6842105263158)
(10765, 278.6842105263158)
(10766, 278.6842105263158)
(10767, 278.6842105263158)
(10768, 278.6842105263158)
(10769, 278.6842105263158)
(10770, 278.6842105263158)
(10771, 278.6842105263158)
(10772, 278.6842105263158)
(10773, 278.6842105263158)
(10774, 278.6842105263158)
(10775, 278.6842105263158)
(10776, 278.6842105263158)
(10777, 278.6842105263158)
(10778, 278.6842105263158)
(10779, 278.6842105263158)
(10780, 278.6842105263158)
(10781, 278.6842105263158)
(10782, 278.6842105263158)
(10783, 278.6842105263158)
(10784, 278.6842105263158)
(10785, 278.6842105263158)
(10786, 278.6842105263158)
(10787, 278.6842105263158)
(10788, 278.6842105263158)
(10789, 278.6842105263158)
(10790, 278.6842105263158)
(14015, 274.8888888888889)
(14016, 274.8888888888889)
(14017, 274.8888888888889)
(14018, 274.8888888888889)
(15395, 272.4)
(15396, 272.4)
(15397, 272.4)
(15398, 272.4)
(15399, 272.4)
(15400, 272.4)
(15401, 272.4)
(15402, 272.4)
(15403, 272.4)
(15404, 272.4)
(15405, 272.4)
(15406, 272.4)
(15407, 272.4)
(15408, 272.4)
(15409, 272.4)
(15410, 272.4)
(15411, 272.4)
(15412, 272.4)
(15413, 272.4)
(15414, 272.4)
(15415, 272.4)
(15416, 272.4)
(15417, 272.4)
(15418, 272.4)
(15419, 272.4)
(15420, 272.4)
(15421, 272.4)
(15422, 272.4)
(15423, 272.4)
(15424, 272.4)
(15425, 272.4)
(15426, 272.4)
(15427, 272.4)
(15428, 272.4)
(15429, 272.4)
(15430, 272.4)
(15431, 272.4)
(15432, 272.4)
(15433, 272.4)
(15434, 272.4)
(15435, 272.4)
(15436, 272.4)
(15437, 272.4)
(15438, 272.4)
(15439, 272.4)
(15440, 272.4)
(15441, 272.4)
(15442, 272.4)
(15443, 272.4)
(15444, 272.4)
(15445, 272.4)
(15446, 272.4)
(15447, 272.4)
(15448, 272.4)
(15449, 272.4)
(14522, 272.0)
(14523, 272.0)
(14524, 272.0)
(14525, 272.0)
(14526, 272.0)
(14527, 272.0)
(14528, 272.0)
(14529, 272.0)
(14530, 272.0)
(14531, 272.0)
(14532, 272.0)
(14533, 272.0)
(14534, 272.0)
(14535, 272.0)
(14536, 272.0)
(14537, 272.0)
(14538, 272.0)
(14539, 272.0)
(14540, 272.0)
(14541, 272.0)
(14542, 272.0)
(14543, 272.0)
(14544, 272.0)
(14545, 272.0)
(14546, 272.0)
(9460, 270.8333333333333)
(9461, 270.8333333333333)
(9462, 270.8333333333333)
(9463, 270.8333333333333)
(9464, 270.8333333333333)
(9465, 270.8333333333333)
(9466, 270.8333333333333)
(9467, 270.8333333333333)
(9468, 270.8333333333333)
(9469, 270.8333333333333)
(9470, 270.8333333333333)
(9471, 270.8333333333333)
(9472, 270.8333333333333)
(9473, 270.8333333333333)
(9474, 270.8333333333333)
(9475, 270.8333333333333)
(9476, 270.8333333333333)
(9477, 270.8333333333333)
(9478, 270.8333333333333)
(9479, 270.8333333333333)
(9480, 270.8333333333333)
(9481, 270.8333333333333)
(9482, 270.8333333333333)
(9483, 270.8333333333333)
(9484, 270.8333333333333)
(9485, 270.8333333333333)
(9486, 270.8333333333333)
(9487, 270.8333333333333)
(8204, 269.29824561403507)
(8205, 269.29824561403507)
(8206, 269.29824561403507)
(8207, 269.29824561403507)
(8208, 269.29824561403507)
(8209, 269.29824561403507)
(8210, 269.29824561403507)
(8211, 269.29824561403507)
(8212, 269.29824561403507)
(8213, 269.29824561403507)
(8214, 269.29824561403507)
(8215, 269.29824561403507)
(14200, 267.5)
(14201, 267.5)
(14202, 267.5)
(14203, 267.5)
(14204, 267.5)
(14205, 267.5)
(14206, 267.5)
(14207, 267.5)
(14208, 267.5)
(14209, 267.5)
(14210, 267.5)
(14211, 267.5)
(14212, 267.5)
(14213, 267.5)
(8193, 267.3333333333333)
(8194, 267.3333333333333)
(8195, 267.3333333333333)
(8196, 267.3333333333333)
(8197, 267.3333333333333)
(8198, 267.3333333333333)
(8199, 267.3333333333333)
(8200, 267.3333333333333)
(8201, 267.3333333333333)
(8202, 267.3333333333333)
(8203, 267.3333333333333)
(6702, 265.47169811320754)
(6703, 265.47169811320754)
(6704, 265.47169811320754)
(6705, 265.47169811320754)
(6706, 265.47169811320754)
(6707, 265.47169811320754)
(6708, 265.47169811320754)
(6709, 265.47169811320754)
(6710, 265.47169811320754)
(6711, 265.47169811320754)
(6712, 265.47169811320754)
(6713, 265.47169811320754)
(6714, 265.47169811320754)
(6715, 265.47169811320754)
(6716, 265.47169811320754)
(6717, 265.47169811320754)
(6718, 265.47169811320754)
(6719, 265.47169811320754)
(6720, 265.47169811320754)
(6721, 265.47169811320754)
(6722, 265.47169811320754)
(6723, 265.47169811320754)
(6724, 265.47169811320754)
(6725, 265.47169811320754)
(6726, 265.47169811320754)
(6727, 265.47169811320754)
(6728, 265.47169811320754)
(6729, 265.47169811320754)
(6730, 265.47169811320754)
(6731, 265.47169811320754)
(6732, 265.47169811320754)
(6733, 265.47169811320754)
(6734, 265.47169811320754)
(6735, 265.47169811320754)
(6736, 265.47169811320754)
(6737, 265.47169811320754)
(6738, 265.47169811320754)
(6739, 265.47169811320754)
(6740, 265.47169811320754)
(6741, 265.47169811320754)
(6742, 265.47169811320754)
(6743, 265.47169811320754)
(6744, 265.47169811320754)
(6745, 265.47169811320754)
(6746, 265.47169811320754)
(6747, 265.47169811320754)
(6748, 265.47169811320754)
(6749, 265.47169811320754)
(6750, 265.47169811320754)
(6751, 265.47169811320754)
(6752, 265.47169811320754)
(6753, 265.47169811320754)
(6754, 265.47169811320754)
(6755, 265.47169811320754)
(6756, 265.47169811320754)
(6757, 265.47169811320754)
(6758, 265.47169811320754)
(6759, 265.47169811320754)
(6760, 265.47169811320754)
(6761, 265.47169811320754)
(6762, 265.47169811320754)
(6763, 265.47169811320754)
(6764, 265.47169811320754)
(6765, 265.47169811320754)
(6766, 265.47169811320754)
(6767, 265.47169811320754)
(6768, 265.47169811320754)
(6769, 265.47169811320754)
(6770, 265.47169811320754)
(6771, 265.47169811320754)
(6772, 265.47169811320754)
(6773, 265.47169811320754)
(6774, 265.47169811320754)
(6775, 265.47169811320754)
(6776, 265.47169811320754)
(6777, 265.47169811320754)
(6778, 265.47169811320754)
(6779, 265.47169811320754)
(6780, 265.47169811320754)
(6781, 265.47169811320754)
(6782, 265.47169811320754)
(6783, 265.47169811320754)
(6784, 265.47169811320754)
(6785, 265.47169811320754)
(6786, 265.47169811320754)
(6787, 265.47169811320754)
(6788, 265.47169811320754)
(6789, 265.47169811320754)
(6790, 265.47169811320754)
(6791, 265.47169811320754)
(6792, 265.47169811320754)
(6793, 265.47169811320754)
(6794, 265.47169811320754)
(6795, 265.47169811320754)
(6796, 265.47169811320754)
(6797, 265.47169811320754)
(6798, 265.47169811320754)
(6799, 265.47169811320754)
(6800, 265.47169811320754)
(6801, 265.47169811320754)
(6802, 265.47169811320754)
(6803, 265.47169811320754)
(6804, 265.47169811320754)
(6805, 265.47169811320754)
(6806, 265.47169811320754)
(6807, 265.47169811320754)
(6808, 265.47169811320754)
(6809, 265.47169811320754)
(6810, 265.47169811320754)
(6811, 265.47169811320754)
(6812, 265.47169811320754)
(6813, 265.47169811320754)
(6814, 265.47169811320754)
(6815, 265.47169811320754)
(6816, 265.47169811320754)
(6817, 265.47169811320754)
(6818, 265.47169811320754)
(6819, 265.47169811320754)
(6820, 265.47169811320754)
(6821, 265.47169811320754)
(9437, 263.26086956521743)
(9438, 263.26086956521743)
(9439, 263.26086956521743)
(9440, 263.26086956521743)
(9441, 263.26086956521743)
(9442, 263.26086956521743)
(9443, 263.26086956521743)
(9444, 263.26086956521743)
(9445, 263.26086956521743)
(9446, 263.26086956521743)
(9447, 263.26086956521743)
(9448, 263.26086956521743)
(9449, 263.26086956521743)
(9450, 263.26086956521743)
(9451, 263.26086956521743)
(9452, 263.26086956521743)
(9453, 263.26086956521743)
(9454, 263.26086956521743)
(9455, 263.26086956521743)
(9456, 263.26086956521743)
(9457, 263.26086956521743)
(9458, 263.26086956521743)
(9459, 263.26086956521743)
(15121, 259.0)
(15122, 259.0)
(15123, 259.0)
(15124, 259.0)
(15125, 259.0)
(15126, 259.0)
(15127, 259.0)
(15128, 259.0)
(15129, 259.0)
(15130, 259.0)
(15131, 259.0)
(6090, 246.0)
(6091, 246.0)
(6092, 246.0)
(6093, 246.0)
(6094, 246.0)
(6095, 246.0)
(6096, 246.0)
(6097, 246.0)
(6098, 246.0)
(6099, 246.0)
(6100, 246.0)
(6101, 246.0)
(6102, 246.0)
(6103, 246.0)
(6104, 246.0)
(6105, 246.0)
(6106, 246.0)
(6107, 246.0)
(6108, 246.0)
(6109, 246.0)
(6110, 246.0)
(6111, 246.0)
(6112, 246.0)
(6113, 246.0)
(6114, 246.0)
(6115, 246.0)
(6116, 246.0)
(6117, 246.0)
(6118, 246.0)
(6119, 246.0)
(6120, 246.0)
(6121, 246.0)
(6122, 246.0)
(6123, 246.0)
(6124, 246.0)
(6125, 246.0)
(6126, 246.0)
(6127, 246.0)
(6128, 246.0)
(6129, 246.0)
(6130, 246.0)
(6131, 246.0)
(6132, 246.0)
(6133, 246.0)
(6134, 246.0)
(6135, 246.0)
(6136, 246.0)
(6137, 246.0)
(6138, 246.0)
(6139, 246.0)
(6140, 246.0)
(6141, 246.0)
(6142, 246.0)
(6143, 246.0)
(6144, 246.0)
(6145, 246.0)
(6146, 246.0)
(6147, 246.0)
(6148, 246.0)
(6149, 246.0)
(6150, 246.0)
(6151, 246.0)
(6152, 246.0)
(6153, 246.0)
(6154, 246.0)
(6155, 246.0)
(6156, 246.0)
(6157, 246.0)
(6158, 246.0)
(6159, 246.0)
(6160, 246.0)
(6161, 246.0)
(6162, 246.0)
(6163, 246.0)
(6164, 246.0)
(6165, 246.0)
(6166, 246.0)
(6167, 246.0)
(6168, 246.0)
(6169, 246.0)
(6170, 246.0)
(6171, 246.0)
(6172, 246.0)
(6173, 246.0)
(6174, 246.0)
(6175, 246.0)
(6176, 246.0)
(6177, 246.0)
(13812, 242.83333333333334)
(13813, 242.83333333333334)
(13814, 242.83333333333334)
(13815, 242.83333333333334)
(13816, 242.83333333333334)
(13817, 242.83333333333334)
(13818, 242.83333333333334)
(9672, 240.5194805194805)
(9673, 240.5194805194805)
(9674, 240.5194805194805)
(9675, 240.5194805194805)
(9676, 240.5194805194805)
(9677, 240.5194805194805)
(9678, 240.5194805194805)
(9679, 240.5194805194805)
(9680, 240.5194805194805)
(9681, 240.5194805194805)
(9682, 240.5194805194805)
(9683, 240.5194805194805)
(9684, 240.5194805194805)
(9685, 240.5194805194805)
(9686, 240.5194805194805)
(9687, 240.5194805194805)
(9688, 240.5194805194805)
(5000, 237.05882352941177)
(5001, 237.05882352941177)
(5002, 237.05882352941177)
(5003, 237.05882352941177)
(5004, 237.05882352941177)
(5005, 237.05882352941177)
(5006, 237.05882352941177)
(5007, 237.05882352941177)
(5008, 237.05882352941177)
(5009, 237.05882352941177)
(5010, 237.05882352941177)
(5011, 237.05882352941177)
(5012, 237.05882352941177)
(5013, 237.05882352941177)
(5014, 237.05882352941177)
(5015, 237.05882352941177)
(5016, 237.05882352941177)
(5017, 237.05882352941177)
(5018, 237.05882352941177)
(5019, 237.05882352941177)
(5020, 237.05882352941177)
(5021, 237.05882352941177)
(5022, 237.05882352941177)
(5023, 237.05882352941177)
(5024, 237.05882352941177)
(5025, 237.05882352941177)
(5026, 237.05882352941177)
(5027, 237.05882352941177)
(5028, 237.05882352941177)
(5029, 237.05882352941177)
(5030, 237.05882352941177)
(5031, 237.05882352941177)
(5032, 237.05882352941177)
(5033, 237.05882352941177)
(5034, 237.05882352941177)
(5035, 237.05882352941177)
(5036, 237.05882352941177)
(5037, 237.05882352941177)
(5038, 237.05882352941177)
(5039, 237.05882352941177)
(5040, 237.05882352941177)
(5041, 237.05882352941177)
(5042, 237.05882352941177)
(5043, 237.05882352941177)
(5044, 237.05882352941177)
(5045, 237.05882352941177)
(5046, 237.05882352941177)
(5047, 237.05882352941177)
(5048, 237.05882352941177)
(5049, 237.05882352941177)
(5050, 237.05882352941177)
(5051, 237.05882352941177)
(5052, 237.05882352941177)
(5053, 237.05882352941177)
(5054, 237.05882352941177)
(5055, 237.05882352941177)
(5056, 237.05882352941177)
(5057, 237.05882352941177)
(5058, 237.05882352941177)
(5059, 237.05882352941177)
(5060, 237.05882352941177)
(5061, 237.05882352941177)
(5062, 237.05882352941177)
(5063, 237.05882352941177)
(5064, 237.05882352941177)
(5065, 237.05882352941177)
(5066, 237.05882352941177)
(5067, 237.05882352941177)
(5068, 237.05882352941177)
(5069, 237.05882352941177)
(5070, 237.05882352941177)
(5071, 237.05882352941177)
(5072, 237.05882352941177)
(5073, 237.05882352941177)
(5074, 237.05882352941177)
(5075, 237.05882352941177)
(5076, 237.05882352941177)
(5077, 237.05882352941177)
(5078, 237.05882352941177)
(5079, 237.05882352941177)
(5080, 237.05882352941177)
(5081, 237.05882352941177)
(5082, 237.05882352941177)
(5083, 237.05882352941177)
(5084, 237.05882352941177)
(5085, 237.05882352941177)
(5086, 237.05882352941177)
(5087, 237.05882352941177)
(5088, 237.05882352941177)
(5089, 237.05882352941177)
(5090, 237.05882352941177)
(5091, 237.05882352941177)
(5092, 237.05882352941177)
(5093, 237.05882352941177)
(5094, 237.05882352941177)
(5095, 237.05882352941177)
(5096, 237.05882352941177)
(5097, 237.05882352941177)
(5098, 237.05882352941177)
(5099, 237.05882352941177)
(5100, 237.05882352941177)
(5101, 237.05882352941177)
(5102, 237.05882352941177)
(5103, 237.05882352941177)
(5104, 237.05882352941177)
(5105, 237.05882352941177)
(5106, 237.05882352941177)
(5107, 237.05882352941177)
(5108, 237.05882352941177)
(5109, 237.05882352941177)
(5110, 237.05882352941177)
(5111, 237.05882352941177)
(5112, 237.05882352941177)
(5113, 237.05882352941177)
(5114, 237.05882352941177)
(5115, 237.05882352941177)
(5116, 237.05882352941177)
(5117, 237.05882352941177)
(5118, 237.05882352941177)
(5119, 237.05882352941177)
(5120, 237.05882352941177)
(5121, 237.05882352941177)
(5122, 237.05882352941177)
(5123, 237.05882352941177)
(14895, 236.4516129032258)
(14896, 236.4516129032258)
(14897, 236.4516129032258)
(14898, 236.4516129032258)
(14899, 236.4516129032258)
(14900, 236.4516129032258)
(14901, 236.4516129032258)
(14902, 236.4516129032258)
(14903, 236.4516129032258)
(14904, 236.4516129032258)
(14905, 236.4516129032258)
(14906, 236.4516129032258)
(14907, 236.4516129032258)
(14908, 236.4516129032258)
(14909, 236.4516129032258)
(14910, 236.4516129032258)
(14911, 236.4516129032258)
(14912, 236.4516129032258)
(14913, 236.4516129032258)
(14914, 236.4516129032258)
(14915, 236.4516129032258)
(14916, 236.4516129032258)
(14917, 236.4516129032258)
(14918, 236.4516129032258)
(14919, 236.4516129032258)
(14920, 236.4516129032258)
(14921, 236.4516129032258)
(14922, 236.4516129032258)
(14923, 236.4516129032258)
(14924, 236.4516129032258)
(14925, 236.4516129032258)
(14926, 236.4516129032258)
(14927, 236.4516129032258)
(14928, 236.4516129032258)
(14929, 236.4516129032258)
(14930, 236.4516129032258)
(14931, 236.4516129032258)
(14932, 236.4516129032258)
(14933, 236.4516129032258)
(14934, 236.4516129032258)
(14935, 236.4516129032258)
(14936, 236.4516129032258)
(14937, 236.4516129032258)
(14938, 236.4516129032258)
(14939, 236.4516129032258)
(14940, 236.4516129032258)
(14941, 236.4516129032258)
(14942, 236.4516129032258)
(14943, 236.4516129032258)
(14944, 236.4516129032258)
(14945, 236.4516129032258)
(14946, 236.4516129032258)
(14947, 236.4516129032258)
(14948, 236.4516129032258)
(14949, 236.4516129032258)
(14950, 236.4516129032258)
(14951, 236.4516129032258)
(14952, 236.4516129032258)
(14953, 236.4516129032258)
(14954, 236.4516129032258)
(9504, 231.88405797101447)
(9505, 231.88405797101447)
(9506, 231.88405797101447)
(9507, 231.88405797101447)
(9508, 231.88405797101447)
(9509, 231.88405797101447)
(9510, 231.88405797101447)
(9511, 231.88405797101447)
(9512, 231.88405797101447)
(9513, 231.88405797101447)
(9514, 231.88405797101447)
(9515, 231.88405797101447)
(9516, 231.88405797101447)
(9517, 231.88405797101447)
(9518, 231.88405797101447)
(9519, 231.88405797101447)
(9520, 231.88405797101447)
(9521, 231.88405797101447)
(9522, 231.88405797101447)
(9523, 231.88405797101447)
(9524, 231.88405797101447)
(9525, 231.88405797101447)
(9526, 231.88405797101447)
(9527, 231.88405797101447)
(11913, 228.8)
(11914, 228.8)
(11915, 228.8)
(11916, 228.8)
(11917, 228.8)
(11918, 228.8)
(11919, 228.8)
(11920, 228.8)
(11921, 228.8)
(11922, 228.8)
(11923, 228.8)
(11924, 228.8)
(11925, 228.8)
(11926, 228.8)
(11927, 228.8)
(11928, 228.8)
(11929, 228.8)
(11930, 228.8)
(11931, 228.8)
(11932, 228.8)
(11933, 228.8)
(11934, 228.8)
(11935, 228.8)
(11936, 228.8)
(11937, 228.8)
(11938, 228.8)
(11939, 228.8)
(11940, 228.8)
(11941, 228.8)
(11942, 228.8)
(11943, 228.8)
(11944, 228.8)
(11945, 228.8)
(11946, 228.8)
(11947, 228.8)
(11948, 228.8)
(11949, 228.8)
(11950, 228.8)
(11951, 228.8)
(11952, 228.8)
(11953, 228.8)
(11954, 228.8)
(11955, 228.8)
(11956, 228.8)
(11957, 228.8)
(11958, 228.8)
(11959, 228.8)
(11960, 228.8)
(11961, 228.8)
(11962, 228.8)
(11963, 228.8)
(11964, 228.8)
(11965, 228.8)
(11966, 228.8)
(11967, 228.8)
(11968, 228.8)
(11969, 228.8)
(11970, 228.8)
(11971, 228.8)
(11972, 228.8)
(11973, 228.8)
(11974, 228.8)
(11975, 228.8)
(11976, 228.8)
(11977, 228.8)
(11978, 228.8)
(11979, 228.8)
(11980, 228.8)
(11981, 228.8)
(11982, 228.8)
(11983, 228.8)
(11984, 228.8)
(11985, 228.8)
(11986, 228.8)
(11987, 228.8)
(11988, 228.8)
(11989, 228.8)
(11990, 228.8)
(11991, 228.8)
(11992, 228.8)
(11993, 228.8)
(11994, 228.8)
(11995, 228.8)
(11996, 228.8)
(11997, 228.8)
(11998, 228.8)
(11999, 228.8)
(12000, 228.8)
(12001, 228.8)
(12002, 228.8)
(12003, 228.8)
(12004, 228.8)
(12005, 228.8)
(6499, 228.64864864864865)
(6500, 228.64864864864865)
(6501, 228.64864864864865)
(6502, 228.64864864864865)
(6503, 228.64864864864865)
(6504, 228.64864864864865)
(6505, 228.64864864864865)
(6506, 228.64864864864865)
(6507, 228.64864864864865)
(6508, 228.64864864864865)
(6509, 228.64864864864865)
(6510, 228.64864864864865)
(6511, 228.64864864864865)
(6512, 228.64864864864865)
(6513, 228.64864864864865)
(6514, 228.64864864864865)
(6515, 228.64864864864865)
(6516, 228.64864864864865)
(6517, 228.64864864864865)
(6518, 228.64864864864865)
(6519, 228.64864864864865)
(6520, 228.64864864864865)
(6521, 228.64864864864865)
(6522, 228.64864864864865)
(6523, 228.64864864864865)
(6524, 228.64864864864865)
(6525, 228.64864864864865)
(6526, 228.64864864864865)
(6527, 228.64864864864865)
(6528, 228.64864864864865)
(6529, 228.64864864864865)
(6530, 228.64864864864865)
(6531, 228.64864864864865)
(6532, 228.64864864864865)
(6533, 228.64864864864865)
(6534, 228.64864864864865)
(6535, 228.64864864864865)
(6536, 228.64864864864865)
(6537, 228.64864864864865)
(6538, 228.64864864864865)
(6539, 228.64864864864865)
(6540, 228.64864864864865)
(6541, 228.64864864864865)
(6542, 228.64864864864865)
(6543, 228.64864864864865)
(6544, 228.64864864864865)
(6545, 228.64864864864865)
(6546, 228.64864864864865)
(6547, 228.64864864864865)
(6548, 228.64864864864865)
(6549, 228.64864864864865)
(6550, 228.64864864864865)
(6551, 228.64864864864865)
(6552, 228.64864864864865)
(6553, 228.64864864864865)
(6554, 228.64864864864865)
(6555, 228.64864864864865)
(6556, 228.64864864864865)
(6557, 228.64864864864865)
(6558, 228.64864864864865)
(6559, 228.64864864864865)
(6560, 228.64864864864865)
(6561, 228.64864864864865)
(6562, 228.64864864864865)
(6563, 228.64864864864865)
(6564, 228.64864864864865)
(6565, 228.64864864864865)
(6566, 228.64864864864865)
(6567, 228.64864864864865)
(6568, 228.64864864864865)
(6569, 228.64864864864865)
(6570, 228.64864864864865)
(6571, 228.64864864864865)
(6572, 228.64864864864865)
(6573, 228.64864864864865)
(6574, 228.64864864864865)
(6575, 228.64864864864865)
(6576, 228.64864864864865)
(6577, 228.64864864864865)
(6578, 228.64864864864865)
(6579, 228.64864864864865)
(6580, 228.64864864864865)
(6581, 228.64864864864865)
(6582, 228.64864864864865)
(6583, 228.64864864864865)
(6584, 228.64864864864865)
(6585, 228.64864864864865)
(6586, 228.64864864864865)
(6587, 228.64864864864865)
(6588, 228.64864864864865)
(11623, 227.73584905660377)
(11624, 227.73584905660377)
(11625, 227.73584905660377)
(11626, 227.73584905660377)
(11627, 227.73584905660377)
(11628, 227.73584905660377)
(11629, 227.73584905660377)
(11630, 227.73584905660377)
(11631, 227.73584905660377)
(11632, 227.73584905660377)
(11633, 227.73584905660377)
(11634, 227.73584905660377)
(11635, 227.73584905660377)
(11636, 227.73584905660377)
(11637, 227.73584905660377)
(11638, 227.73584905660377)
(11639, 227.73584905660377)
(11640, 227.73584905660377)
(11641, 227.73584905660377)
(11642, 227.73584905660377)
(11643, 227.73584905660377)
(11644, 227.73584905660377)
(8234, 218.57142857142858)
(8235, 218.57142857142858)
(8236, 218.57142857142858)
(8237, 218.57142857142858)
(8238, 218.57142857142858)
(8239, 218.57142857142858)
(8240, 218.57142857142858)
(8241, 218.57142857142858)
(8242, 218.57142857142858)
(8243, 218.57142857142858)
(8244, 218.57142857142858)
(8245, 218.57142857142858)
(8246, 218.57142857142858)
(8247, 218.57142857142858)
(8248, 218.57142857142858)
(8249, 218.57142857142858)
(8250, 218.57142857142858)
(8251, 218.57142857142858)
(8252, 218.57142857142858)
(8253, 218.57142857142858)
(8254, 218.57142857142858)
(8255, 218.57142857142858)
(13202, 216.9090909090909)
(13203, 216.9090909090909)
(13204, 216.9090909090909)
(13205, 216.9090909090909)
(13206, 216.9090909090909)
(13207, 216.9090909090909)
(13208, 216.9090909090909)
(13209, 216.9090909090909)
(13210, 216.9090909090909)
(13211, 216.9090909090909)
(13212, 216.9090909090909)
(13213, 216.9090909090909)
(13214, 216.9090909090909)
(13215, 216.9090909090909)
(13216, 216.9090909090909)
(13217, 216.9090909090909)
(13218, 216.9090909090909)
(13219, 216.9090909090909)
(13220, 216.9090909090909)
(13221, 216.9090909090909)
(13222, 216.9090909090909)
(13223, 216.9090909090909)
(13224, 216.9090909090909)
(13225, 216.9090909090909)
(13226, 216.9090909090909)
(13227, 216.9090909090909)
(13228, 216.9090909090909)
(13229, 216.9090909090909)
(13230, 216.9090909090909)
(13231, 216.9090909090909)
(13232, 216.9090909090909)
(13233, 216.9090909090909)
(13234, 216.9090909090909)
(13235, 216.9090909090909)
(13236, 216.9090909090909)
(13237, 216.9090909090909)
(13238, 216.9090909090909)
(13239, 216.9090909090909)
(13240, 216.9090909090909)
(13241, 216.9090909090909)
(13242, 216.9090909090909)
(13243, 216.9090909090909)
(13244, 216.9090909090909)
(13245, 216.9090909090909)
(13246, 216.9090909090909)
(13247, 216.9090909090909)
(13248, 216.9090909090909)
(13249, 216.9090909090909)
(13250, 216.9090909090909)
(13251, 216.9090909090909)
(13252, 216.9090909090909)
(13253, 216.9090909090909)
(13254, 216.9090909090909)
(13255, 216.9090909090909)
(13256, 216.9090909090909)
(13257, 216.9090909090909)
(13258, 216.9090909090909)
(13259, 216.9090909090909)
(13260, 216.9090909090909)
(13261, 216.9090909090909)
(13262, 216.9090909090909)
(13263, 216.9090909090909)
(13264, 216.9090909090909)
(13265, 216.9090909090909)
(13266, 216.9090909090909)
(13267, 216.9090909090909)
(13268, 216.9090909090909)
(13269, 216.9090909090909)
(13270, 216.9090909090909)
(13271, 216.9090909090909)
(13272, 216.9090909090909)
(13273, 216.9090909090909)
(13274, 216.9090909090909)
(13275, 216.9090909090909)
(13276, 216.9090909090909)
(13277, 216.9090909090909)
(13278, 216.9090909090909)
(13279, 216.9090909090909)
(13280, 216.9090909090909)
(13281, 216.9090909090909)
(13282, 216.9090909090909)
(13283, 216.9090909090909)
(13284, 216.9090909090909)
(13285, 216.9090909090909)
(13286, 216.9090909090909)
(13287, 216.9090909090909)
(13288, 216.9090909090909)
(13289, 216.9090909090909)
(13290, 216.9090909090909)
(13291, 216.9090909090909)
(13292, 216.9090909090909)
(13293, 216.9090909090909)
(13294, 216.9090909090909)
(13295, 216.9090909090909)
(13296, 216.9090909090909)
(13297, 216.9090909090909)
(13298, 216.9090909090909)
(13299, 216.9090909090909)
(13300, 216.9090909090909)
(13301, 216.9090909090909)
(13302, 216.9090909090909)
(13303, 216.9090909090909)
(13304, 216.9090909090909)
(13305, 216.9090909090909)
(13306, 216.9090909090909)
(13307, 216.9090909090909)
(13308, 216.9090909090909)
(13309, 216.9090909090909)
(13310, 216.9090909090909)
(13311, 216.9090909090909)
(13312, 216.9090909090909)
(13313, 216.9090909090909)
(13314, 216.9090909090909)
(13315, 216.9090909090909)
(13316, 216.9090909090909)
(13317, 216.9090909090909)
(13318, 216.9090909090909)
(13319, 216.9090909090909)
(13320, 216.9090909090909)
(13321, 216.9090909090909)
(13322, 216.9090909090909)
(13323, 216.9090909090909)
(13324, 216.9090909090909)
(13325, 216.9090909090909)
(13326, 216.9090909090909)
(13327, 216.9090909090909)
(13328, 216.9090909090909)
(13329, 216.9090909090909)
(13330, 216.9090909090909)
(13331, 216.9090909090909)
(13332, 216.9090909090909)
(13333, 216.9090909090909)
(13334, 216.9090909090909)
(13335, 216.9090909090909)
(13336, 216.9090909090909)
(13337, 216.9090909090909)
(13338, 216.9090909090909)
(13339, 216.9090909090909)
(13340, 216.9090909090909)
(13341, 216.9090909090909)
(13342, 216.9090909090909)
(13343, 216.9090909090909)
(13344, 216.9090909090909)
(13345, 216.9090909090909)
(13346, 216.9090909090909)
(13347, 216.9090909090909)
(13348, 216.9090909090909)
(13349, 216.9090909090909)
(13350, 216.9090909090909)
(13351, 216.9090909090909)
(13352, 216.9090909090909)
(13353, 216.9090909090909)
(13354, 216.9090909090909)
(13355, 216.9090909090909)
(13356, 216.9090909090909)
(13357, 216.9090909090909)
(13358, 216.9090909090909)
(13359, 216.9090909090909)
(13360, 216.9090909090909)
(13361, 216.9090909090909)
(13362, 216.9090909090909)
(13363, 216.9090909090909)
(13364, 216.9090909090909)
(13365, 216.9090909090909)
(13366, 216.9090909090909)
(13367, 216.9090909090909)
(13368, 216.9090909090909)
(13369, 216.9090909090909)
(13370, 216.9090909090909)
(13371, 216.9090909090909)
(13372, 216.9090909090909)
(13373, 216.9090909090909)
(13374, 216.9090909090909)
(13375, 216.9090909090909)
(13376, 216.9090909090909)
(13377, 216.9090909090909)
(13378, 216.9090909090909)
(13379, 216.9090909090909)
(13380, 216.9090909090909)
(13381, 216.9090909090909)
(13382, 216.9090909090909)
(13383, 216.9090909090909)
(13384, 216.9090909090909)
(13385, 216.9090909090909)
(13386, 216.9090909090909)
(13387, 216.9090909090909)
(13388, 216.9090909090909)
(13389, 216.9090909090909)
(13390, 216.9090909090909)
(13391, 216.9090909090909)
(13392, 216.9090909090909)
(13393, 216.9090909090909)
(13394, 216.9090909090909)
(13395, 216.9090909090909)
(13396, 216.9090909090909)
(13397, 216.9090909090909)
(13398, 216.9090909090909)
(13399, 216.9090909090909)
(13400, 216.9090909090909)
(13401, 216.9090909090909)
(13402, 216.9090909090909)
(13403, 216.9090909090909)
(13404, 216.9090909090909)
(13405, 216.9090909090909)
(13406, 216.9090909090909)
(13407, 216.9090909090909)
(13408, 216.9090909090909)
(13409, 216.9090909090909)
(13410, 216.9090909090909)
(13411, 216.9090909090909)
(13412, 216.9090909090909)
(13413, 216.9090909090909)
(13414, 216.9090909090909)
(13415, 216.9090909090909)
(13416, 216.9090909090909)
(13417, 216.9090909090909)
(12948, 216.6)
(12949, 216.6)
(12950, 216.6)
(12951, 216.6)
(12952, 216.6)
(12953, 216.6)
(12954, 216.6)
(12955, 216.6)
(12956, 216.6)
(12957, 216.6)
(12958, 216.6)
(12959, 216.6)
(12960, 216.6)
(12961, 216.6)
(12962, 216.6)
(12963, 216.6)
(12964, 216.6)
(12965, 216.6)
(12966, 216.6)
(12967, 216.6)
(15094, 216.375)
(15095, 216.375)
(15096, 216.375)
(15097, 216.375)
(15098, 216.375)
(15099, 216.375)
(15100, 216.375)
(15101, 216.375)
(15102, 216.375)
(15103, 216.375)
(15104, 216.375)
(15105, 216.375)
(15106, 216.375)
(15107, 216.375)
(15108, 216.375)
(15109, 216.375)
(15110, 216.375)
(15111, 216.375)
(15112, 216.375)
(15113, 216.375)
(15114, 216.375)
(15115, 216.375)
(15116, 216.375)
(15117, 216.375)
(15118, 216.375)
(15119, 216.375)
(15120, 216.375)
(9649, 212.4)
(9650, 212.4)
(9651, 212.4)
(9652, 212.4)
(9653, 212.4)
(9654, 212.4)
(9655, 212.4)
(9656, 212.4)
(9657, 212.4)
(9658, 212.4)
(9659, 212.4)
(9660, 212.4)
(9661, 212.4)
(12248, 211.66666666666669)
(12249, 211.66666666666669)
(12250, 211.66666666666669)
(12251, 211.66666666666669)
(12252, 211.66666666666669)
(12253, 211.66666666666669)
(12254, 211.66666666666669)
(12255, 211.66666666666669)
(12256, 211.66666666666669)
(12257, 211.66666666666669)
(12258, 211.66666666666669)
(12259, 211.66666666666669)
(12260, 211.66666666666669)
(12261, 211.66666666666669)
(12262, 211.66666666666669)
(12263, 211.66666666666669)
(12264, 211.66666666666669)
(12265, 211.66666666666669)
(12266, 211.66666666666669)
(12267, 211.66666666666669)
(12268, 211.66666666666669)
(12269, 211.66666666666669)
(12270, 211.66666666666669)
(12271, 211.66666666666669)
(12272, 211.66666666666669)
(12273, 211.66666666666669)
(12274, 211.66666666666669)
(12275, 211.66666666666669)
(12276, 211.66666666666669)
(12277, 211.66666666666669)
(12278, 211.66666666666669)
(12279, 211.66666666666669)
(12280, 211.66666666666669)
(12281, 211.66666666666669)
(12282, 211.66666666666669)
(12283, 211.66666666666669)
(12284, 211.66666666666669)
(12285, 211.66666666666669)
(12286, 211.66666666666669)
(12287, 211.66666666666669)
(12288, 211.66666666666669)
(12289, 211.66666666666669)
(12290, 211.66666666666669)
(12291, 211.66666666666669)
(12292, 211.66666666666669)
(12293, 211.66666666666669)
(12294, 211.66666666666669)
(12295, 211.66666666666669)
(12296, 211.66666666666669)
(12297, 211.66666666666669)
(12298, 211.66666666666669)
(12299, 211.66666666666669)
(12300, 211.66666666666669)
(12301, 211.66666666666669)
(12302, 211.66666666666669)
(12303, 211.66666666666669)
(12304, 211.66666666666669)
(12305, 211.66666666666669)
(12306, 211.66666666666669)
(12307, 211.66666666666669)
(12308, 211.66666666666669)
(12309, 211.66666666666669)
(12310, 211.66666666666669)
(12311, 211.66666666666669)
(12312, 211.66666666666669)
(12313, 211.66666666666669)
(12314, 211.66666666666669)
(12315, 211.66666666666669)
(12316, 211.66666666666669)
(12317, 211.66666666666669)
(12318, 211.66666666666669)
(12319, 211.66666666666669)
(12320, 211.66666666666669)
(12321, 211.66666666666669)
(12322, 211.66666666666669)
(12323, 211.66666666666669)
(12324, 211.66666666666669)
(12325, 211.66666666666669)
(15132, 207.66666666666666)
(15133, 207.66666666666666)
(15134, 207.66666666666666)
(15135, 207.66666666666666)
(15136, 207.66666666666666)
(15137, 207.66666666666666)
(15138, 207.66666666666666)
(15139, 207.66666666666666)
(15140, 207.66666666666666)
(15141, 207.66666666666666)
(15142, 207.66666666666666)
(15143, 207.66666666666666)
(15144, 207.66666666666666)
(15145, 207.66666666666666)
(15146, 207.66666666666666)
(15147, 207.66666666666666)
(15148, 207.66666666666666)
(15149, 207.66666666666666)
(15150, 207.66666666666666)
(15151, 207.66666666666666)
(15152, 207.66666666666666)
(15153, 207.66666666666666)
(15154, 207.66666666666666)
(15155, 207.66666666666666)
(15156, 207.66666666666666)
(15157, 207.66666666666666)
(15158, 207.66666666666666)
(15159, 207.66666666666666)
(15160, 207.66666666666666)
(15161, 207.66666666666666)
(15162, 207.66666666666666)
(15163, 207.66666666666666)
(15164, 207.66666666666666)
(15165, 207.66666666666666)
(15166, 207.66666666666666)
(15167, 207.66666666666666)
(15168, 207.66666666666666)
(15169, 207.66666666666666)
(15170, 207.66666666666666)
(15171, 207.66666666666666)
(15172, 207.66666666666666)
(15173, 207.66666666666666)
(15174, 207.66666666666666)
(15175, 207.66666666666666)
(15176, 207.66666666666666)
(15177, 207.66666666666666)
(15178, 207.66666666666666)
(15179, 207.66666666666666)
(15180, 207.66666666666666)
(15181, 207.66666666666666)
(15182, 207.66666666666666)
(15183, 207.66666666666666)
(15184, 207.66666666666666)
(15185, 207.66666666666666)
(15186, 207.66666666666666)
(15187, 207.66666666666666)
(15188, 207.66666666666666)
(15189, 207.66666666666666)
(15190, 207.66666666666666)
(15191, 207.66666666666666)
(15192, 207.66666666666666)
(15193, 207.66666666666666)
(15194, 207.66666666666666)
(15195, 207.66666666666666)
(15196, 207.66666666666666)
(15197, 207.66666666666666)
(15198, 207.66666666666666)
(15199, 207.66666666666666)
(15200, 207.66666666666666)
(15201, 207.66666666666666)
(15202, 207.66666666666666)
(15203, 207.66666666666666)
(15204, 207.66666666666666)
(15205, 207.66666666666666)
(15206, 207.66666666666666)
(15207, 207.66666666666666)
(15208, 207.66666666666666)
(15209, 207.66666666666666)
(15210, 207.66666666666666)
(15211, 207.66666666666666)
(15212, 207.66666666666666)
(15213, 207.66666666666666)
(15214, 207.66666666666666)
(15215, 207.66666666666666)
(15216, 207.66666666666666)
(15217, 207.66666666666666)
(15218, 207.66666666666666)
(15219, 207.66666666666666)
(15220, 207.66666666666666)
(15221, 207.66666666666666)
(15222, 207.66666666666666)
(15223, 207.66666666666666)
(15224, 207.66666666666666)
(15225, 207.66666666666666)
(15226, 207.66666666666666)
(15227, 207.66666666666666)
(15228, 207.66666666666666)
(15229, 207.66666666666666)
(13546, 202.4)
(13547, 202.4)
(13548, 202.4)
(13549, 202.4)
(13550, 202.4)
(13551, 202.4)
(13552, 202.4)
(13553, 202.4)
(13554, 202.4)
(13555, 202.4)
(13556, 202.4)
(13557, 202.4)
(13558, 202.4)
(13559, 202.4)
(13560, 202.4)
(13561, 202.4)
(13562, 202.4)
(13563, 202.4)
(13564, 202.4)
(13565, 202.4)
(13566, 202.4)
(13567, 202.4)
(13568, 202.4)
(13569, 202.4)
(13570, 202.4)
(13571, 202.4)
(13572, 202.4)
(13573, 202.4)
(13574, 202.4)
(13575, 202.4)
(13576, 202.4)
(13577, 202.4)
(13578, 202.4)
(13579, 202.4)
(13580, 202.4)
(13581, 202.4)
(13582, 202.4)
(13583, 202.4)
(13584, 202.4)
(13585, 202.4)
(13586, 202.4)
(13587, 202.4)
(13588, 202.4)
(13589, 202.4)
(13590, 202.4)
(13591, 202.4)
(13592, 202.4)
(13593, 202.4)
(13594, 202.4)
(13595, 202.4)
(13596, 202.4)
(13597, 202.4)
(13598, 202.4)
(13599, 202.4)
(13600, 202.4)
(13601, 202.4)
(13602, 202.4)
(13603, 202.4)
(13604, 202.4)
(13605, 202.4)
(13606, 202.4)
(13607, 202.4)
(13608, 202.4)
(13609, 202.4)
(13610, 202.4)
(13611, 202.4)
(13612, 202.4)
(13613, 202.4)
(13614, 202.4)
(13615, 202.4)
(13616, 202.4)
(13617, 202.4)
(13618, 202.4)
(13619, 202.4)
(13620, 202.4)
(13621, 202.4)
(13622, 202.4)
(13623, 202.4)
(13624, 202.4)
(13625, 202.4)
(13626, 202.4)
(11566, 201.0344827586207)
(11567, 201.0344827586207)
(11568, 201.0344827586207)
(11569, 201.0344827586207)
(11570, 201.0344827586207)
(11571, 201.0344827586207)
(11572, 201.0344827586207)
(11573, 201.0344827586207)
(11574, 201.0344827586207)
(11575, 201.0344827586207)
(11576, 201.0344827586207)
(11577, 201.0344827586207)
(11578, 201.0344827586207)
(11579, 201.0344827586207)
(11580, 201.0344827586207)
(11581, 201.0344827586207)
(11582, 201.0344827586207)
(11583, 201.0344827586207)
(11584, 201.0344827586207)
(11585, 201.0344827586207)
(11586, 201.0344827586207)
(11587, 201.0344827586207)
(11588, 201.0344827586207)
(11589, 201.0344827586207)
(11590, 201.0344827586207)
(11591, 201.0344827586207)
(11592, 201.0344827586207)
(11593, 201.0344827586207)
(11594, 201.0344827586207)
(11595, 201.0344827586207)
(11596, 201.0344827586207)
(11597, 201.0344827586207)
(11598, 201.0344827586207)
(11599, 201.0344827586207)
(11600, 201.0344827586207)
(11601, 201.0344827586207)
(11602, 201.0344827586207)
(11603, 201.0344827586207)
(11604, 201.0344827586207)
(11605, 201.0344827586207)
(11606, 201.0344827586207)
(11607, 201.0344827586207)
(11608, 201.0344827586207)
(11609, 201.0344827586207)
(11610, 201.0344827586207)
(11611, 201.0344827586207)
(11612, 201.0344827586207)
(11613, 201.0344827586207)
(11614, 201.0344827586207)
(11615, 201.0344827586207)
(11616, 201.0344827586207)
(11617, 201.0344827586207)
(11618, 201.0344827586207)
(11619, 201.0344827586207)
(11620, 201.0344827586207)
(11621, 201.0344827586207)
(8064, 200.15384615384616)
(8065, 200.15384615384616)
(8066, 200.15384615384616)
(8067, 200.15384615384616)
(8068, 200.15384615384616)
(8069, 200.15384615384616)
(8070, 200.15384615384616)
(8071, 200.15384615384616)
(8072, 200.15384615384616)
(8073, 200.15384615384616)
(8074, 200.15384615384616)
(8075, 200.15384615384616)
(8076, 200.15384615384616)
(8077, 200.15384615384616)
(8078, 200.15384615384616)
(8079, 200.15384615384616)
(8080, 200.15384615384616)
(8081, 200.15384615384616)
(8082, 200.15384615384616)
(8083, 200.15384615384616)
(8084, 200.15384615384616)
(8085, 200.15384615384616)
(8086, 200.15384615384616)
(8087, 200.15384615384616)
(8088, 200.15384615384616)
(8089, 200.15384615384616)
(8090, 200.15384615384616)
(8091, 200.15384615384616)
(8092, 200.15384615384616)
(8093, 200.15384615384616)
(8094, 200.15384615384616)
(8095, 200.15384615384616)
(8096, 200.15384615384616)
(8097, 200.15384615384616)
(8098, 200.15384615384616)
(8099, 200.15384615384616)
(8100, 200.15384615384616)
(8101, 200.15384615384616)
(8102, 200.15384615384616)
(8103, 200.15384615384616)
(8104, 200.15384615384616)
(8105, 200.15384615384616)
(8106, 200.15384615384616)
(8107, 200.15384615384616)
(8108, 200.15384615384616)
(8109, 200.15384615384616)
(8110, 200.15384615384616)
(8111, 200.15384615384616)
(8112, 200.15384615384616)
(8113, 200.15384615384616)
(8114, 200.15384615384616)
(8115, 200.15384615384616)
(8116, 200.15384615384616)
(8117, 200.15384615384616)
(8118, 200.15384615384616)
(8119, 200.15384615384616)
(8120, 200.15384615384616)
(8121, 200.15384615384616)
(8122, 200.15384615384616)
(8123, 200.15384615384616)
(8124, 200.15384615384616)
(8125, 200.15384615384616)
(8126, 200.15384615384616)
(8127, 200.15384615384616)
(8128, 200.15384615384616)
(8129, 200.15384615384616)
(8130, 200.15384615384616)
(8131, 200.15384615384616)
(8132, 200.15384615384616)
(8133, 200.15384615384616)
(8134, 200.15384615384616)
(8135, 200.15384615384616)
(8136, 200.15384615384616)
(8137, 200.15384615384616)
(8138, 200.15384615384616)
(8139, 200.15384615384616)
(8140, 200.15384615384616)
(8141, 200.15384615384616)
(8142, 200.15384615384616)
(8143, 200.15384615384616)
(8144, 200.15384615384616)
(8145, 200.15384615384616)
(8146, 200.15384615384616)
(8147, 200.15384615384616)
(8148, 200.15384615384616)
(8149, 200.15384615384616)
(8150, 200.15384615384616)
(8151, 200.15384615384616)
(8152, 200.15384615384616)
(8153, 200.15384615384616)
(8154, 200.15384615384616)
(8155, 200.15384615384616)
(8156, 200.15384615384616)
(8157, 200.15384615384616)
(8158, 200.15384615384616)
(8159, 200.15384615384616)
(8160, 200.15384615384616)
(8161, 200.15384615384616)
(8162, 200.15384615384616)
(8163, 200.15384615384616)
(8164, 200.15384615384616)
(8165, 200.15384615384616)
(8166, 200.15384615384616)
(8167, 200.15384615384616)
(8168, 200.15384615384616)
(8169, 200.15384615384616)
(8170, 200.15384615384616)
(8171, 200.15384615384616)
(8172, 200.15384615384616)
(8173, 200.15384615384616)
(8174, 200.15384615384616)
(8175, 200.15384615384616)
(8176, 200.15384615384616)
(8177, 200.15384615384616)
(8178, 200.15384615384616)
(8179, 200.15384615384616)
(8180, 200.15384615384616)
(8181, 200.15384615384616)
(8182, 200.15384615384616)
(8183, 200.15384615384616)
(8184, 200.15384615384616)
(8185, 200.15384615384616)
(8186, 200.15384615384616)
(8187, 200.15384615384616)
(8188, 200.15384615384616)
(8189, 200.15384615384616)
(8190, 200.15384615384616)
(8191, 200.15384615384616)
(11375, 198.8)
(11376, 198.8)
(11377, 198.8)
(11378, 198.8)
(11379, 198.8)
(11380, 198.8)
(11381, 198.8)
(11382, 198.8)
(11383, 198.8)
(11384, 198.8)
(11385, 198.8)
(11386, 198.8)
(11387, 198.8)
(11388, 198.8)
(11389, 198.8)
(11390, 198.8)
(11391, 198.8)
(11392, 198.8)
(11393, 198.8)
(11394, 198.8)
(11395, 198.8)
(11396, 198.8)
(11397, 198.8)
(11398, 198.8)
(11399, 198.8)
(11400, 198.8)
(11401, 198.8)
(11402, 198.8)
(11403, 198.8)
(11404, 198.8)
(11405, 198.8)
(11406, 198.8)
(11407, 198.8)
(11408, 198.8)
(11409, 198.8)
(11410, 198.8)
(11411, 198.8)
(11412, 198.8)
(11413, 198.8)
(11414, 198.8)
(6339, 186.60377358490567)
(6340, 186.60377358490567)
(6341, 186.60377358490567)
(6342, 186.60377358490567)
(6343, 186.60377358490567)
(6344, 186.60377358490567)
(6345, 186.60377358490567)
(6346, 186.60377358490567)
(6347, 186.60377358490567)
(6348, 186.60377358490567)
(6349, 186.60377358490567)
(6350, 186.60377358490567)
(6351, 186.60377358490567)
(6352, 186.60377358490567)
(6353, 186.60377358490567)
(6354, 186.60377358490567)
(6355, 186.60377358490567)
(6356, 186.60377358490567)
(6357, 186.60377358490567)
(6358, 186.60377358490567)
(6359, 186.60377358490567)
(6360, 186.60377358490567)
(6361, 186.60377358490567)
(6362, 186.60377358490567)
(6363, 186.60377358490567)
(6364, 186.60377358490567)
(6365, 186.60377358490567)
(6366, 186.60377358490567)
(6367, 186.60377358490567)
(6368, 186.60377358490567)
(6369, 186.60377358490567)
(6370, 186.60377358490567)
(6371, 186.60377358490567)
(6372, 186.60377358490567)
(6373, 186.60377358490567)
(6374, 186.60377358490567)
(6375, 186.60377358490567)
(6376, 186.60377358490567)
(6377, 186.60377358490567)
(14019, 182.32142857142858)
(14020, 182.32142857142858)
(14021, 182.32142857142858)
(14022, 182.32142857142858)
(14023, 182.32142857142858)
(14024, 182.32142857142858)
(14025, 182.32142857142858)
(14026, 182.32142857142858)
(14027, 182.32142857142858)
(14596, 179.4)
(14597, 179.4)
(14598, 179.4)
(14599, 179.4)
(14600, 179.4)
(14601, 179.4)
(14602, 179.4)
(14603, 179.4)
(14604, 179.4)
(14605, 179.4)
(14606, 179.4)
(14607, 179.4)
(14608, 179.4)
(14609, 179.4)
(14610, 179.4)
(14611, 179.4)
(14612, 179.4)
(14613, 179.4)
(14614, 179.4)
(14615, 179.4)
(14616, 179.4)
(14617, 179.4)
(14618, 179.4)
(14619, 179.4)
(14620, 179.4)
(14621, 179.4)
(14622, 179.4)
(14623, 179.4)
(14624, 179.4)
(14625, 179.4)
(14626, 179.4)
(14627, 179.4)
(14628, 179.4)
(14629, 179.4)
(14630, 179.4)
(14631, 179.4)
(14632, 179.4)
(14633, 179.4)
(14634, 179.4)
(14635, 179.4)
(14636, 179.4)
(14637, 179.4)
(14638, 179.4)
(14639, 179.4)
(14640, 179.4)
(14641, 179.4)
(14642, 179.4)
(14643, 179.4)
(14644, 179.4)
(14645, 179.4)
(14646, 179.4)
(14647, 179.4)
(14648, 179.4)
(14649, 179.4)
(14650, 179.4)
(14651, 179.4)
(14652, 179.4)
(14653, 179.4)
(14654, 179.4)
(14655, 179.4)
(14656, 179.4)
(14657, 179.4)
(14658, 179.4)
(14659, 179.4)
(14660, 179.4)
(14661, 179.4)
(14662, 179.4)
(14663, 179.4)
(14664, 179.4)
(14665, 179.4)
(14666, 179.4)
(14667, 179.4)
(14668, 179.4)
(14669, 179.4)
(14670, 179.4)
(14671, 179.4)
(14672, 179.4)
(13852, 178.54545454545453)
(13853, 178.54545454545453)
(13854, 178.54545454545453)
(13855, 178.54545454545453)
(13856, 178.54545454545453)
(13857, 178.54545454545453)
(13858, 178.54545454545453)
(13859, 178.54545454545453)
(13860, 178.54545454545453)
(13861, 178.54545454545453)
(13862, 178.54545454545453)
(13863, 178.54545454545453)
(13864, 178.54545454545453)
(13865, 178.54545454545453)
(13866, 178.54545454545453)
(13867, 178.54545454545453)
(13868, 178.54545454545453)
(13869, 178.54545454545453)
(13870, 178.54545454545453)
(13871, 178.54545454545453)
(13872, 178.54545454545453)
(13873, 178.54545454545453)
(13874, 178.54545454545453)
(13875, 178.54545454545453)
(13876, 178.54545454545453)
(13877, 178.54545454545453)
(13878, 178.54545454545453)
(13879, 178.54545454545453)
(13880, 178.54545454545453)
(13881, 178.54545454545453)
(13882, 178.54545454545453)
(13883, 178.54545454545453)
(13884, 178.54545454545453)
(13885, 178.54545454545453)
(13886, 178.54545454545453)
(13887, 178.54545454545453)
(13888, 178.54545454545453)
(13889, 178.54545454545453)
(13890, 178.54545454545453)
(13891, 178.54545454545453)
(13892, 178.54545454545453)
(13893, 178.54545454545453)
(13894, 178.54545454545453)
(13895, 178.54545454545453)
(13896, 178.54545454545453)
(13897, 178.54545454545453)
(13898, 178.54545454545453)
(13899, 178.54545454545453)
(13900, 178.54545454545453)
(13901, 178.54545454545453)
(13902, 178.54545454545453)
(13903, 178.54545454545453)
(13904, 178.54545454545453)
(13905, 178.54545454545453)
(13906, 178.54545454545453)
(13907, 178.54545454545453)
(13908, 178.54545454545453)
(13909, 178.54545454545453)
(13910, 178.54545454545453)
(13911, 178.54545454545453)
(13912, 178.54545454545453)
(13913, 178.54545454545453)
(13914, 178.54545454545453)
(13915, 178.54545454545453)
(13916, 178.54545454545453)
(13917, 178.54545454545453)
(13918, 178.54545454545453)
(13919, 178.54545454545453)
(13920, 178.54545454545453)
(13921, 178.54545454545453)
(13922, 178.54545454545453)
(13923, 178.54545454545453)
(13924, 178.54545454545453)
(13925, 178.54545454545453)
(13926, 178.54545454545453)
(13927, 178.54545454545453)
(13928, 178.54545454545453)
(13929, 178.54545454545453)
(13930, 178.54545454545453)
(13931, 178.54545454545453)
(13932, 178.54545454545453)
(13933, 178.54545454545453)
(13934, 178.54545454545453)
(13935, 178.54545454545453)
(13936, 178.54545454545453)
(13937, 178.54545454545453)
(13938, 178.54545454545453)
(13939, 178.54545454545453)
(13940, 178.54545454545453)
(13941, 178.54545454545453)
(13942, 178.54545454545453)
(13943, 178.54545454545453)
(13944, 178.54545454545453)
(13945, 178.54545454545453)
(13946, 178.54545454545453)
(13947, 178.54545454545453)
(13948, 178.54545454545453)
(13949, 178.54545454545453)
(13950, 178.54545454545453)
(13951, 178.54545454545453)
(13952, 178.54545454545453)
(13953, 178.54545454545453)
(13954, 178.54545454545453)
(13955, 178.54545454545453)
(13956, 178.54545454545453)
(13957, 178.54545454545453)
(13958, 178.54545454545453)
(13959, 178.54545454545453)
(13960, 178.54545454545453)
(13961, 178.54545454545453)
(13962, 178.54545454545453)
(13963, 178.54545454545453)
(13964, 178.54545454545453)
(13965, 178.54545454545453)
(13966, 178.54545454545453)
(13967, 178.54545454545453)
(13968, 178.54545454545453)
(13969, 178.54545454545453)
(13970, 178.54545454545453)
(13971, 178.54545454545453)
(13972, 178.54545454545453)
(13973, 178.54545454545453)
(13974, 178.54545454545453)
(13975, 178.54545454545453)
(13976, 178.54545454545453)
(13977, 178.54545454545453)
(13978, 178.54545454545453)
(13979, 178.54545454545453)
(13980, 178.54545454545453)
(13981, 178.54545454545453)
(14387, 175.66666666666666)
(14388, 175.66666666666666)
(14389, 175.66666666666666)
(14390, 175.66666666666666)
(14391, 175.66666666666666)
(14392, 175.66666666666666)
(14393, 175.66666666666666)
(14394, 175.66666666666666)
(14395, 175.66666666666666)
(14396, 175.66666666666666)
(14397, 175.66666666666666)
(14398, 175.66666666666666)
(14399, 175.66666666666666)
(14400, 175.66666666666666)
(14401, 175.66666666666666)
(14402, 175.66666666666666)
(14403, 175.66666666666666)
(14404, 175.66666666666666)
(14405, 175.66666666666666)
(14406, 175.66666666666666)
(14407, 175.66666666666666)
(14408, 175.66666666666666)
(14409, 175.66666666666666)
(14410, 175.66666666666666)
(14411, 175.66666666666666)
(14412, 175.66666666666666)
(14413, 175.66666666666666)
(14414, 175.66666666666666)
(14415, 175.66666666666666)
(14416, 175.66666666666666)
(14417, 175.66666666666666)
(14418, 175.66666666666666)
(14419, 175.66666666666666)
(14420, 175.66666666666666)
(14421, 175.66666666666666)
(14422, 175.66666666666666)
(14423, 175.66666666666666)
(14424, 175.66666666666666)
(14425, 175.66666666666666)
(14426, 175.66666666666666)
(14427, 175.66666666666666)
(14428, 175.66666666666666)
(14429, 175.66666666666666)
(14430, 175.66666666666666)
(14431, 175.66666666666666)
(14432, 175.66666666666666)
(14433, 175.66666666666666)
(14434, 175.66666666666666)
(14435, 175.66666666666666)
(14436, 175.66666666666666)
(14437, 175.66666666666666)
(14438, 175.66666666666666)
(14439, 175.66666666666666)
(14440, 175.66666666666666)
(14441, 175.66666666666666)
(14442, 175.66666666666666)
(14443, 175.66666666666666)
(14444, 175.66666666666666)
(14445, 175.66666666666666)
(14446, 175.66666666666666)
(14447, 175.66666666666666)
(14448, 175.66666666666666)
(14449, 175.66666666666666)
(14450, 175.66666666666666)
(14451, 175.66666666666666)
(14452, 175.66666666666666)
(14453, 175.66666666666666)
(14454, 175.66666666666666)
(14455, 175.66666666666666)
(14456, 175.66666666666666)
(14457, 175.66666666666666)
(14458, 175.66666666666666)
(14459, 175.66666666666666)
(14460, 175.66666666666666)
(14461, 175.66666666666666)
(14462, 175.66666666666666)
(14463, 175.66666666666666)
(14464, 175.66666666666666)
(14465, 175.66666666666666)
(14466, 175.66666666666666)
(14467, 175.66666666666666)
(14468, 175.66666666666666)
(14469, 175.66666666666666)
(14470, 175.66666666666666)
(14471, 175.66666666666666)
(14472, 175.66666666666666)
(14473, 175.66666666666666)
(14474, 175.66666666666666)
(14475, 175.66666666666666)
(14476, 175.66666666666666)
(14477, 175.66666666666666)
(14478, 175.66666666666666)
(14479, 175.66666666666666)
(6636, 175.53191489361703)
(6637, 175.53191489361703)
(6638, 175.53191489361703)
(6639, 175.53191489361703)
(6640, 175.53191489361703)
(6641, 175.53191489361703)
(6642, 175.53191489361703)
(6643, 175.53191489361703)
(6644, 175.53191489361703)
(6645, 175.53191489361703)
(6646, 175.53191489361703)
(6647, 175.53191489361703)
(6648, 175.53191489361703)
(6649, 175.53191489361703)
(6650, 175.53191489361703)
(6651, 175.53191489361703)
(6652, 175.53191489361703)
(6653, 175.53191489361703)
(6654, 175.53191489361703)
(6655, 175.53191489361703)
(6656, 175.53191489361703)
(6657, 175.53191489361703)
(6658, 175.53191489361703)
(6659, 175.53191489361703)
(6660, 175.53191489361703)
(6661, 175.53191489361703)
(6662, 175.53191489361703)
(6663, 175.53191489361703)
(6664, 175.53191489361703)
(6665, 175.53191489361703)
(6666, 175.53191489361703)
(6667, 175.53191489361703)
(6668, 175.53191489361703)
(6669, 175.53191489361703)
(6670, 175.53191489361703)
(6671, 175.53191489361703)
(6672, 175.53191489361703)
(6673, 175.53191489361703)
(6674, 175.53191489361703)
(6675, 175.53191489361703)
(6676, 175.53191489361703)
(6677, 175.53191489361703)
(6678, 175.53191489361703)
(6679, 175.53191489361703)
(6680, 175.53191489361703)
(6681, 175.53191489361703)
(6682, 175.53191489361703)
(6683, 175.53191489361703)
(6684, 175.53191489361703)
(6685, 175.53191489361703)
(6686, 175.53191489361703)
(6687, 175.53191489361703)
(6688, 175.53191489361703)
(6689, 175.53191489361703)
(6690, 175.53191489361703)
(6691, 175.53191489361703)
(6692, 175.53191489361703)
(6693, 175.53191489361703)
(6694, 175.53191489361703)
(6695, 175.53191489361703)
(6696, 175.53191489361703)
(6697, 175.53191489361703)
(6698, 175.53191489361703)
(6699, 175.53191489361703)
(6700, 175.53191489361703)
(6701, 175.53191489361703)
(9621, 169.8)
(9622, 169.8)
(9623, 169.8)
(9624, 169.8)
(9625, 169.8)
(9626, 169.8)
(9627, 169.8)
(9628, 169.8)
(9629, 169.8)
(9630, 169.8)
(9631, 169.8)
(9632, 169.8)
(9633, 169.8)
(9634, 169.8)
(9635, 169.8)
(9636, 169.8)
(9637, 169.8)
(9638, 169.8)
(9639, 169.8)
(9640, 169.8)
(9641, 169.8)
(9642, 169.8)
(9643, 169.8)
(9644, 169.8)
(9645, 169.8)
(9646, 169.8)
(9647, 169.8)
(9648, 169.8)
(15230, 167.83783783783784)
(15231, 167.83783783783784)
(15232, 167.83783783783784)
(15233, 167.83783783783784)
(15234, 167.83783783783784)
(15235, 167.83783783783784)
(15236, 167.83783783783784)
(15237, 167.83783783783784)
(15238, 167.83783783783784)
(15239, 167.83783783783784)
(15240, 167.83783783783784)
(15241, 167.83783783783784)
(15242, 167.83783783783784)
(15243, 167.83783783783784)
(12941, 166.5)
(12942, 166.5)
(12943, 166.5)
(12944, 166.5)
(12945, 166.5)
(12946, 166.5)
(12947, 166.5)
(12862, 163.5)
(12863, 163.5)
(12864, 163.5)
(12865, 163.5)
(12866, 163.5)
(12867, 163.5)
(12868, 163.5)
(12869, 163.5)
(12870, 163.5)
(12871, 163.5)
(12872, 163.5)
(12873, 163.5)
(12874, 163.5)
(12875, 163.5)
(12876, 163.5)
(12877, 163.5)
(12878, 163.5)
(12879, 163.5)
(12880, 163.5)
(12881, 163.5)
(12882, 163.5)
(12883, 163.5)
(12884, 163.5)
(12885, 163.5)
(12886, 163.5)
(12887, 163.5)
(12888, 163.5)
(12889, 163.5)
(12890, 163.5)
(12891, 163.5)
(12892, 163.5)
(12893, 163.5)
(12894, 163.5)
(12895, 163.5)
(12896, 163.5)
(12897, 163.5)
(12898, 163.5)
(12899, 163.5)
(12900, 163.5)
(12901, 163.5)
(12902, 163.5)
(12903, 163.5)
(12904, 163.5)
(12905, 163.5)
(12906, 163.5)
(12907, 163.5)
(12908, 163.5)
(12909, 163.5)
(12910, 163.5)
(12911, 163.5)
(12912, 163.5)
(12913, 163.5)
(12914, 163.5)
(12915, 163.5)
(12916, 163.5)
(12917, 163.5)
(12918, 163.5)
(12919, 163.5)
(12920, 163.5)
(12921, 163.5)
(12922, 163.5)
(12923, 163.5)
(12924, 163.5)
(12925, 163.5)
(12926, 163.5)
(12927, 163.5)
(12928, 163.5)
(12929, 163.5)
(12930, 163.5)
(12931, 163.5)
(12932, 163.5)
(14283, 161.33333333333334)
(14284, 161.33333333333334)
(14285, 161.33333333333334)
(14286, 161.33333333333334)
(14287, 161.33333333333334)
(14288, 161.33333333333334)
(14289, 161.33333333333334)
(14290, 161.33333333333334)
(14291, 161.33333333333334)
(14292, 161.33333333333334)
(14293, 161.33333333333334)
(14294, 161.33333333333334)
(14295, 161.33333333333334)
(14296, 161.33333333333334)
(9432, 161.25)
(9433, 161.25)
(9434, 161.25)
(9435, 161.25)
(9436, 161.25)
(8298, 160.0)
(8299, 160.0)
(8300, 160.0)
(8301, 160.0)
(8302, 160.0)
(8303, 160.0)
(8304, 160.0)
(8305, 160.0)
(8306, 160.0)
(8307, 160.0)
(8308, 160.0)
(8309, 160.0)
(8310, 160.0)
(8311, 160.0)
(8312, 160.0)
(8313, 160.0)
(8314, 160.0)
(8315, 160.0)
(8316, 160.0)
(8317, 160.0)
(8318, 160.0)
(8319, 160.0)
(8320, 160.0)
(8321, 160.0)
(8322, 160.0)
(8323, 160.0)
(8324, 160.0)
(8325, 160.0)
(8326, 160.0)
(8327, 160.0)
(8328, 160.0)
(8329, 160.0)
(8330, 160.0)
(8331, 160.0)
(8332, 160.0)
(8333, 160.0)
(8334, 160.0)
(8335, 160.0)
(8336, 160.0)
(8337, 160.0)
(8338, 160.0)
(8339, 160.0)
(8340, 160.0)
(8341, 160.0)
(8342, 160.0)
(8343, 160.0)
(8344, 160.0)
(8345, 160.0)
(8346, 160.0)
(8347, 160.0)
(8348, 160.0)
(8349, 160.0)
(8350, 160.0)
(8351, 160.0)
(8352, 160.0)
(8353, 160.0)
(8354, 160.0)
(8355, 160.0)
(8356, 160.0)
(8357, 160.0)
(8358, 160.0)
(8359, 160.0)
(8360, 160.0)
(8361, 160.0)
(8362, 160.0)
(8363, 160.0)
(8364, 160.0)
(8365, 160.0)
(8366, 160.0)
(8367, 160.0)
(8368, 160.0)
(8369, 160.0)
(8370, 160.0)
(8371, 160.0)
(8372, 160.0)
(8373, 160.0)
(8374, 160.0)
(8375, 160.0)
(8376, 160.0)
(8377, 160.0)
(8378, 160.0)
(8379, 160.0)
(8380, 160.0)
(8381, 160.0)
(8382, 160.0)
(8383, 160.0)
(8384, 160.0)
(8385, 160.0)
(8386, 160.0)
(8387, 160.0)
(8388, 160.0)
(8389, 160.0)
(8390, 160.0)
(8391, 160.0)
(8392, 160.0)
(8393, 160.0)
(8394, 160.0)
(8395, 160.0)
(8396, 160.0)
(8397, 160.0)
(8398, 160.0)
(5124, 150.96)
(5125, 150.96)
(9576, 149.28571428571428)
(9577, 149.28571428571428)
(9578, 149.28571428571428)
(9579, 149.28571428571428)
(9580, 149.28571428571428)
(9581, 149.28571428571428)
(9582, 149.28571428571428)
(9583, 149.28571428571428)
(9584, 149.28571428571428)
(9585, 149.28571428571428)
(9586, 149.28571428571428)
(9587, 149.28571428571428)
(9588, 149.28571428571428)
(9589, 149.28571428571428)
(9590, 149.28571428571428)
(9591, 149.28571428571428)
(7196, 148.0)
(7197, 148.0)
(7198, 148.0)
(7199, 148.0)
(7200, 148.0)
(7201, 148.0)
(7202, 148.0)
(7203, 148.0)
(7204, 148.0)
(7205, 148.0)
(7206, 148.0)
(7207, 148.0)
(7208, 148.0)
(7209, 148.0)
(7210, 148.0)
(7211, 148.0)
(7212, 148.0)
(7213, 148.0)
(7214, 148.0)
(7215, 148.0)
(7216, 148.0)
(7217, 148.0)
(7218, 148.0)
(7219, 148.0)
(7220, 148.0)
(7221, 148.0)
(7222, 148.0)
(7223, 148.0)
(7224, 148.0)
(7225, 148.0)
(7226, 148.0)
(7227, 148.0)
(7228, 148.0)
(7229, 148.0)
(7230, 148.0)
(7231, 148.0)
(7232, 148.0)
(7233, 148.0)
(7234, 148.0)
(7235, 148.0)
(7236, 148.0)
(7237, 148.0)
(7238, 148.0)
(7239, 148.0)
(7240, 148.0)
(7241, 148.0)
(7242, 148.0)
(7243, 148.0)
(7244, 148.0)
(7245, 148.0)
(7246, 148.0)
(7247, 148.0)
(7248, 148.0)
(7249, 148.0)
(7250, 148.0)
(7251, 148.0)
(7252, 148.0)
(7253, 148.0)
(7254, 148.0)
(7255, 148.0)
(7256, 148.0)
(7257, 148.0)
(7258, 148.0)
(7259, 148.0)
(7260, 148.0)
(7261, 148.0)
(7262, 148.0)
(7263, 148.0)
(7264, 148.0)
(7265, 148.0)
(7266, 148.0)
(7267, 148.0)
(7268, 148.0)
(7269, 148.0)
(7270, 148.0)
(7271, 148.0)
(7272, 148.0)
(7273, 148.0)
(7274, 148.0)
(7275, 148.0)
(7276, 148.0)
(7277, 148.0)
(7278, 148.0)
(7279, 148.0)
(7280, 148.0)
(7281, 148.0)
(7282, 148.0)
(7283, 148.0)
(7284, 148.0)
(7285, 148.0)
(7286, 148.0)
(7287, 148.0)
(7288, 148.0)
(7289, 148.0)
(7290, 148.0)
(7291, 148.0)
(7292, 148.0)
(7293, 148.0)
(7294, 148.0)
(7295, 148.0)
(7296, 148.0)
(7297, 148.0)
(7298, 148.0)
(7299, 148.0)
(7300, 148.0)
(7301, 148.0)
(7302, 148.0)
(7303, 148.0)
(7304, 148.0)
(7305, 148.0)
(7306, 148.0)
(7307, 148.0)
(7308, 148.0)
(7309, 148.0)
(7310, 148.0)
(7311, 148.0)
(7312, 148.0)
(7313, 148.0)
(7314, 148.0)
(7315, 148.0)
(7316, 148.0)
(7317, 148.0)
(7318, 148.0)
(7319, 148.0)
(7320, 148.0)
(7321, 148.0)
(7322, 148.0)
(7323, 148.0)
(7324, 148.0)
(7325, 148.0)
(7326, 148.0)
(7327, 148.0)
(7328, 148.0)
(7329, 148.0)
(7330, 148.0)
(7331, 148.0)
(7332, 148.0)
(7333, 148.0)
(7334, 148.0)
(7335, 148.0)
(7336, 148.0)
(7337, 148.0)
(7338, 148.0)
(7339, 148.0)
(7340, 148.0)
(7341, 148.0)
(7342, 148.0)
(7343, 148.0)
(7344, 148.0)
(7345, 148.0)
(7346, 148.0)
(7347, 148.0)
(7348, 148.0)
(7349, 148.0)
(7350, 148.0)
(7351, 148.0)
(7352, 148.0)
(7353, 148.0)
(7354, 148.0)
(7355, 148.0)
