(7912, 47.392857142857146)
(7913, 47.392857142857146)
(7914, 47.392857142857146)
(7915, 47.392857142857146)
(7916, 47.392857142857146)
(7917, 47.392857142857146)
(7918, 47.392857142857146)
(7919, 47.392857142857146)
(7920, 47.392857142857146)
(7921, 47.392857142857146)
(7922, 47.392857142857146)
(7923, 47.392857142857146)
(7924, 47.392857142857146)
(7925, 47.392857142857146)
(7926, 47.392857142857146)
(7927, 47.392857142857146)
(7928, 47.392857142857146)
(7929, 47.392857142857146)
(7930, 47.392857142857146)
(7931, 47.392857142857146)
(7932, 47.392857142857146)
(7933, 47.392857142857146)
(7934, 47.392857142857146)
(7935, 47.392857142857146)
(7936, 47.392857142857146)
(7937, 47.392857142857146)
(7938, 47.392857142857146)
(7939, 47.392857142857146)
(7940, 47.392857142857146)
(7941, 47.392857142857146)
(7942, 47.392857142857146)
(7943, 47.392857142857146)
(7944, 47.392857142857146)
(7945, 47.392857142857146)
(7946, 47.392857142857146)
(7947, 47.392857142857146)
(7948, 47.392857142857146)
(7949, 47.392857142857146)
(7950, 47.392857142857146)
(7951, 47.392857142857146)
(7952, 47.392857142857146)
(7953, 47.392857142857146)
(7954, 47.392857142857146)
(7955, 47.392857142857146)
(7956, 47.392857142857146)
(7957, 47.392857142857146)
(7958, 47.392857142857146)
(7959, 47.392857142857146)
(7960, 47.392857142857146)
(7961, 47.392857142857146)
(7962, 47.392857142857146)
(7963, 47.392857142857146)
(7964, 47.392857142857146)
(7965, 47.392857142857146)
(7966, 47.392857142857146)
(7967, 47.392857142857146)
(7968, 47.392857142857146)
(7969, 47.392857142857146)
(7970, 47.392857142857146)
(7971, 47.392857142857146)
(7972, 47.392857142857146)
(7973, 47.392857142857146)
(7974, 47.392857142857146)
(7975, 47.392857142857146)
(7976, 47.392857142857146)
(7977, 47.392857142857146)
(7978, 47.392857142857146)
(7979, 47.392857142857146)
(7980, 47.392857142857146)
(7981, 47.392857142857146)
(7982, 47.392857142857146)
(7983, 47.392857142857146)
(7984, 47.392857142857146)
(7985, 47.392857142857146)
(7986, 47.392857142857146)
(7987, 47.392857142857146)
(7988, 47.392857142857146)
(7989, 47.392857142857146)
(7990, 47.392857142857146)
(7991, 47.392857142857146)
(7992, 47.392857142857146)
(7993, 47.392857142857146)
(7994, 47.392857142857146)
(7995, 47.392857142857146)
(7996, 47.392857142857146)
(7997, 47.392857142857146)
(7998, 47.392857142857146)
(7999, 47.392857142857146)
(8000, 47.392857142857146)
(8001, 47.392857142857146)
(8002, 47.392857142857146)
(8003, 47.392857142857146)
(8004, 47.392857142857146)
(8005, 47.392857142857146)
(8006, 47.392857142857146)
(8007, 47.392857142857146)
(8008, 47.392857142857146)
(8009, 47.392857142857146)
(8010, 47.392857142857146)
(8011, 47.392857142857146)
(8012, 47.392857142857146)
(8013, 47.392857142857146)
(8014, 47.392857142857146)
(8015, 47.392857142857146)
(8016, 47.392857142857146)
(8017, 47.392857142857146)
(8018, 47.392857142857146)
(8019, 47.392857142857146)
(8020, 47.392857142857146)
(8021, 47.392857142857146)
(8022, 47.392857142857146)
(8023, 47.392857142857146)
(8024, 47.392857142857146)
(8025, 47.392857142857146)
(8026, 47.392857142857146)
(8027, 47.392857142857146)
(8028, 47.392857142857146)
(8029, 47.392857142857146)
(8030, 47.392857142857146)
(8031, 47.392857142857146)
(8032, 47.392857142857146)
(8033, 47.392857142857146)
(8034, 47.392857142857146)
(8035, 47.392857142857146)
(8036, 47.392857142857146)
(8037, 47.392857142857146)
(8038, 47.392857142857146)
(8039, 47.392857142857146)
(8040, 47.392857142857146)
(8041, 47.392857142857146)
(8042, 47.392857142857146)
(8043, 47.392857142857146)
(8044, 47.392857142857146)
(8045, 47.392857142857146)
(8046, 47.392857142857146)
(8047, 47.392857142857146)
(8048, 47.392857142857146)
(8049, 47.392857142857146)
(8050, 47.392857142857146)
(8051, 47.392857142857146)
(12144, 47.26315789473684)
(12145, 47.26315789473684)
(12146, 47.26315789473684)
(12147, 47.26315789473684)
(12148, 47.26315789473684)
(12149, 47.26315789473684)
(12150, 47.26315789473684)
(12151, 47.26315789473684)
(12152, 47.26315789473684)
(12153, 47.26315789473684)
(12154, 47.26315789473684)
(12155, 47.26315789473684)
(6963, 47.05882352941177)
(6964, 47.05882352941177)
(6965, 47.05882352941177)
(6966, 47.05882352941177)
(6967, 47.05882352941177)
(6968, 47.05882352941177)
(6969, 47.05882352941177)
(6970, 47.05882352941177)
(6971, 47.05882352941177)
(6972, 47.05882352941177)
(6973, 47.05882352941177)
(6974, 47.05882352941177)
(6975, 47.05882352941177)
(6976, 47.05882352941177)
(6977, 47.05882352941177)
(6978, 47.05882352941177)
(6979, 47.05882352941177)
(6980, 47.05882352941177)
(6981, 47.05882352941177)
(6982, 47.05882352941177)
(6983, 47.05882352941177)
(7903, 44.52107279693487)
(7904, 44.52107279693487)
(7905, 44.52107279693487)
(7906, 44.52107279693487)
(7907, 44.52107279693487)
(7908, 44.52107279693487)
(7909, 44.52107279693487)
(7910, 44.52107279693487)
(7911, 44.52107279693487)
(11280, 43.90909090909091)
(11281, 43.90909090909091)
(11282, 43.90909090909091)
(6822, 43.55555555555556)
(6823, 43.55555555555556)
(6824, 43.55555555555556)
(6825, 43.55555555555556)
(6826, 43.55555555555556)
(6827, 43.55555555555556)
(6828, 43.55555555555556)
(6829, 43.55555555555556)
(6830, 43.55555555555556)
(6831, 43.55555555555556)
(6832, 43.55555555555556)
(6833, 43.55555555555556)
(6834, 43.55555555555556)
(6835, 43.55555555555556)
(6836, 43.55555555555556)
(6837, 43.55555555555556)
(6838, 43.55555555555556)
(6839, 43.55555555555556)
(6840, 43.55555555555556)
(6841, 43.55555555555556)
(6842, 43.55555555555556)
(6843, 43.55555555555556)
(6844, 43.55555555555556)
(6845, 43.55555555555556)
(6846, 43.55555555555556)
(6847, 43.55555555555556)
(6848, 43.55555555555556)
(6849, 43.55555555555556)
(6850, 43.55555555555556)
(6851, 43.55555555555556)
(6852, 43.55555555555556)
(6853, 43.55555555555556)
(6854, 43.55555555555556)
(6855, 43.55555555555556)
(6856, 43.55555555555556)
(6857, 43.55555555555556)
(6858, 43.55555555555556)
(6859, 43.55555555555556)
(6860, 43.55555555555556)
(6861, 43.55555555555556)
(6862, 43.55555555555556)
(6863, 43.55555555555556)
(6864, 43.55555555555556)
(6865, 43.55555555555556)
(6866, 43.55555555555556)
(6867, 43.55555555555556)
(6868, 43.55555555555556)
(6869, 43.55555555555556)
(6870, 43.55555555555556)
(6871, 43.55555555555556)
(6872, 43.55555555555556)
(6873, 43.55555555555556)
(6874, 43.55555555555556)
(6875, 43.55555555555556)
(6876, 43.55555555555556)
(6877, 43.55555555555556)
(6878, 43.55555555555556)
(6879, 43.55555555555556)
(6880, 43.55555555555556)
(6881, 43.55555555555556)
(6882, 43.55555555555556)
(6883, 43.55555555555556)
(6884, 43.55555555555556)
(6885, 43.55555555555556)
(6886, 43.55555555555556)
(6887, 43.55555555555556)
(6888, 43.55555555555556)
(6889, 43.55555555555556)
(6890, 43.55555555555556)
(6891, 43.55555555555556)
(6892, 43.55555555555556)
(6893, 43.55555555555556)
(6894, 43.55555555555556)
(6895, 43.55555555555556)
(6896, 43.55555555555556)
(6897, 43.55555555555556)
(6898, 43.55555555555556)
(6899, 43.55555555555556)
(6900, 43.55555555555556)
(6901, 43.55555555555556)
(6902, 43.55555555555556)
(6903, 43.55555555555556)
(6904, 43.55555555555556)
(6905, 43.55555555555556)
(6906, 43.55555555555556)
(6907, 43.55555555555556)
(6908, 43.55555555555556)
(6909, 43.55555555555556)
(6910, 43.55555555555556)
(6911, 43.55555555555556)
(6912, 43.55555555555556)
(6913, 43.55555555555556)
(6914, 43.55555555555556)
(6915, 43.55555555555556)
(6916, 43.55555555555556)
(6917, 43.55555555555556)
(6918, 43.55555555555556)
(6919, 43.55555555555556)
(6920, 43.55555555555556)
(6921, 43.55555555555556)
(6922, 43.55555555555556)
(6923, 43.55555555555556)
(6924, 43.55555555555556)
(6925, 43.55555555555556)
(6926, 43.55555555555556)
(6927, 43.55555555555556)
(6928, 43.55555555555556)
(6929, 43.55555555555556)
(6930, 43.55555555555556)
(6931, 43.55555555555556)
(6932, 43.55555555555556)
(6933, 43.55555555555556)
(6934, 43.55555555555556)
(6935, 43.55555555555556)
(6936, 43.55555555555556)
(6937, 43.55555555555556)
(6938, 43.55555555555556)
(6939, 43.55555555555556)
(6940, 43.55555555555556)
(6941, 43.55555555555556)
(6942, 43.55555555555556)
(6943, 43.55555555555556)
(6944, 43.55555555555556)
(6945, 43.55555555555556)
(6946, 43.55555555555556)
(6947, 43.55555555555556)
(6948, 43.55555555555556)
(6949, 43.55555555555556)
(6950, 43.55555555555556)
(6951, 43.55555555555556)
(6952, 43.55555555555556)
(6953, 43.55555555555556)
(6954, 43.55555555555556)
(6955, 43.55555555555556)
(6956, 43.55555555555556)
(6957, 43.55555555555556)
(6958, 43.55555555555556)
(6959, 43.55555555555556)
(6960, 43.55555555555556)
(6961, 43.55555555555556)
(6962, 43.55555555555556)
(9768, 43.53846153846154)
(9769, 43.53846153846154)
(9770, 43.53846153846154)
(9771, 43.53846153846154)
(9772, 43.53846153846154)
(9773, 43.53846153846154)
(9774, 43.53846153846154)
(9775, 43.53846153846154)
(9776, 43.53846153846154)
(9777, 43.53846153846154)
(9778, 43.53846153846154)
(9779, 43.53846153846154)
(9780, 43.53846153846154)
(9781, 43.53846153846154)
(9782, 43.53846153846154)
(9783, 43.53846153846154)
(9784, 43.53846153846154)
(9785, 43.53846153846154)
(9786, 43.53846153846154)
(9787, 43.53846153846154)
(9788, 43.53846153846154)
(9789, 43.53846153846154)
(9790, 43.53846153846154)
(9791, 43.53846153846154)
(9792, 43.53846153846154)
(9793, 43.53846153846154)
(9794, 43.53846153846154)
(9795, 43.53846153846154)
(9796, 43.53846153846154)
(8761, 42.35294117647059)
(8762, 42.35294117647059)
(8763, 42.35294117647059)
(8764, 42.35294117647059)
(8765, 42.35294117647059)
(8766, 42.35294117647059)
(8767, 42.35294117647059)
(8768, 42.35294117647059)
(8769, 42.35294117647059)
(8770, 42.35294117647059)
(8771, 42.35294117647059)
(8772, 42.35294117647059)
(8773, 42.35294117647059)
(8774, 42.35294117647059)
(8775, 42.35294117647059)
(8776, 42.35294117647059)
(8777, 42.35294117647059)
(8778, 42.35294117647059)
(8779, 42.35294117647059)
(8780, 42.35294117647059)
(8781, 42.35294117647059)
(8782, 42.35294117647059)
(8783, 42.35294117647059)
(8784, 42.35294117647059)
(8785, 42.35294117647059)
(8786, 42.35294117647059)
(8787, 42.35294117647059)
(8788, 42.35294117647059)
(8789, 42.35294117647059)
(8790, 42.35294117647059)
(8791, 42.35294117647059)
(8792, 42.35294117647059)
(8793, 42.35294117647059)
(8794, 42.35294117647059)
(8795, 42.35294117647059)
(8796, 42.35294117647059)
(8797, 42.35294117647059)
(8798, 42.35294117647059)
(8799, 42.35294117647059)
(8800, 42.35294117647059)
(8801, 42.35294117647059)
(8802, 42.35294117647059)
(8803, 42.35294117647059)
(8804, 42.35294117647059)
(8805, 42.35294117647059)
(8806, 42.35294117647059)
(8807, 42.35294117647059)
(8808, 42.35294117647059)
(8809, 42.35294117647059)
(8810, 42.35294117647059)
(8811, 42.35294117647059)
(8812, 42.35294117647059)
(8813, 42.35294117647059)
(8814, 42.35294117647059)
(8815, 42.35294117647059)
(8816, 42.35294117647059)
(8817, 42.35294117647059)
(8818, 42.35294117647059)
(8819, 42.35294117647059)
(8820, 42.35294117647059)
(8821, 42.35294117647059)
(8822, 42.35294117647059)
(8823, 42.35294117647059)
(8824, 42.35294117647059)
(8825, 42.35294117647059)
(8826, 42.35294117647059)
(8827, 42.35294117647059)
(8828, 42.35294117647059)
(8829, 42.35294117647059)
(8830, 42.35294117647059)
(8831, 42.35294117647059)
(8832, 42.35294117647059)
(8833, 42.35294117647059)
(8834, 42.35294117647059)
(8835, 42.35294117647059)
(8836, 42.35294117647059)
(8837, 42.35294117647059)
(8838, 42.35294117647059)
(8839, 42.35294117647059)
(8840, 42.35294117647059)
(8841, 42.35294117647059)
(8842, 42.35294117647059)
(8843, 42.35294117647059)
(8844, 42.35294117647059)
(8845, 42.35294117647059)
(8846, 42.35294117647059)
(8847, 42.35294117647059)
(8848, 42.35294117647059)
(8849, 42.35294117647059)
(8850, 42.35294117647059)
(8851, 42.35294117647059)
(8852, 42.35294117647059)
(8853, 42.35294117647059)
(8854, 42.35294117647059)
(8855, 42.35294117647059)
(8856, 42.35294117647059)
(8857, 42.35294117647059)
(8858, 42.35294117647059)
(8859, 42.35294117647059)
(8860, 42.35294117647059)
(8861, 42.35294117647059)
(8862, 42.35294117647059)
(8863, 42.35294117647059)
(8864, 42.35294117647059)
(8865, 42.35294117647059)
(8866, 42.35294117647059)
(8867, 42.35294117647059)
(8868, 42.35294117647059)
(8869, 42.35294117647059)
(8870, 42.35294117647059)
(8871, 42.35294117647059)
(8872, 42.35294117647059)
(8873, 42.35294117647059)
(8874, 42.35294117647059)
(8875, 42.35294117647059)
(8876, 42.35294117647059)
(8877, 42.35294117647059)
(8878, 42.35294117647059)
(8879, 42.35294117647059)
(8880, 42.35294117647059)
(8881, 42.35294117647059)
(8882, 42.35294117647059)
(8883, 42.35294117647059)
(8884, 42.35294117647059)
(8885, 42.35294117647059)
(8886, 42.35294117647059)
(8887, 42.35294117647059)
(8888, 42.35294117647059)
(8889, 42.35294117647059)
(8890, 42.35294117647059)
(8891, 42.35294117647059)
(8892, 42.35294117647059)
(8893, 42.35294117647059)
(8894, 42.35294117647059)
(8895, 42.35294117647059)
(8896, 42.35294117647059)
(8897, 42.35294117647059)
(8898, 42.35294117647059)
(8899, 42.35294117647059)
(8900, 42.35294117647059)
(8901, 42.35294117647059)
(8902, 42.35294117647059)
(8903, 42.35294117647059)
(8904, 42.35294117647059)
(8905, 42.35294117647059)
(8906, 42.35294117647059)
(8907, 42.35294117647059)
(8908, 42.35294117647059)
(8909, 42.35294117647059)
(8910, 42.35294117647059)
(8911, 42.35294117647059)
(8912, 42.35294117647059)
(8913, 42.35294117647059)
(8914, 42.35294117647059)
(8915, 42.35294117647059)
(8916, 42.35294117647059)
(8917, 42.35294117647059)
(8918, 42.35294117647059)
(7690, 41.70731707317073)
(7691, 41.70731707317073)
(7692, 41.70731707317073)
(7693, 41.70731707317073)
(7694, 41.70731707317073)
(7695, 41.70731707317073)
(7696, 41.70731707317073)
(7697, 41.70731707317073)
(7698, 41.70731707317073)
(7699, 41.70731707317073)
(7700, 41.70731707317073)
(7701, 41.70731707317073)
(7702, 41.70731707317073)
(7703, 41.70731707317073)
(7704, 41.70731707317073)
(7705, 41.70731707317073)
(7706, 41.70731707317073)
(7707, 41.70731707317073)
(7708, 41.70731707317073)
(7709, 41.70731707317073)
(7710, 41.70731707317073)
(7711, 41.70731707317073)
(7712, 41.70731707317073)
(7713, 41.70731707317073)
(7714, 41.70731707317073)
(7715, 41.70731707317073)
(7716, 41.70731707317073)
(7717, 41.70731707317073)
(7718, 41.70731707317073)
(7719, 41.70731707317073)
(7720, 41.70731707317073)
(7721, 41.70731707317073)
(7722, 41.70731707317073)
(7723, 41.70731707317073)
(7724, 41.70731707317073)
(7725, 41.70731707317073)
(7726, 41.70731707317073)
(7727, 41.70731707317073)
(7728, 41.70731707317073)
(7729, 41.70731707317073)
(7730, 41.70731707317073)
(7731, 41.70731707317073)
(7732, 41.70731707317073)
(7733, 41.70731707317073)
(7734, 41.70731707317073)
(7735, 41.70731707317073)
(7736, 41.70731707317073)
(7737, 41.70731707317073)
(7738, 41.70731707317073)
(7739, 41.70731707317073)
(7740, 41.70731707317073)
(7741, 41.70731707317073)
(7742, 41.70731707317073)
(7743, 41.70731707317073)
(7744, 41.70731707317073)
(7745, 41.70731707317073)
(7746, 41.70731707317073)
(7747, 41.70731707317073)
(7748, 41.70731707317073)
(7749, 41.70731707317073)
(7750, 41.70731707317073)
(7751, 41.70731707317073)
(7752, 41.70731707317073)
(7753, 41.70731707317073)
(7754, 41.70731707317073)
(7755, 41.70731707317073)
(7756, 41.70731707317073)
(7757, 41.70731707317073)
(7758, 41.70731707317073)
(7759, 41.70731707317073)
(7760, 41.70731707317073)
(7761, 41.70731707317073)
(7762, 41.70731707317073)
(7763, 41.70731707317073)
(7764, 41.70731707317073)
(7765, 41.70731707317073)
(7766, 41.70731707317073)
(7767, 41.70731707317073)
(7768, 41.70731707317073)
(7769, 41.70731707317073)
(7770, 41.70731707317073)
(7771, 41.70731707317073)
(7772, 41.70731707317073)
(7773, 41.70731707317073)
(7774, 41.70731707317073)
(7775, 41.70731707317073)
(12033, 41.46666666666667)
(12034, 41.46666666666667)
(12035, 41.46666666666667)
(12036, 41.46666666666667)
(12037, 41.46666666666667)
(12038, 41.46666666666667)
(12039, 41.46666666666667)
(12040, 41.46666666666667)
(12041, 41.46666666666667)
(12042, 41.46666666666667)
(12043, 41.46666666666667)
(12044, 41.46666666666667)
(12045, 41.46666666666667)
(12046, 41.46666666666667)
(12047, 41.46666666666667)
(12048, 41.46666666666667)
(12049, 41.46666666666667)
(12050, 41.46666666666667)
(12051, 41.46666666666667)
(12052, 41.46666666666667)
(12053, 41.46666666666667)
(12054, 41.46666666666667)
(12055, 41.46666666666667)
(12056, 41.46666666666667)
(12057, 41.46666666666667)
(12058, 41.46666666666667)
(12059, 41.46666666666667)
(12060, 41.46666666666667)
(12061, 41.46666666666667)
(12062, 41.46666666666667)
(12063, 41.46666666666667)
(12064, 41.46666666666667)
(12065, 41.46666666666667)
(12066, 41.46666666666667)
(12067, 41.46666666666667)
(12068, 41.46666666666667)
(12069, 41.46666666666667)
(12070, 41.46666666666667)
(12071, 41.46666666666667)
(12072, 41.46666666666667)
(12073, 41.46666666666667)
(12074, 41.46666666666667)
(12075, 41.46666666666667)
(12076, 41.46666666666667)
(12077, 41.46666666666667)
(12078, 41.46666666666667)
(12079, 41.46666666666667)
(12080, 41.46666666666667)
(12081, 41.46666666666667)
(12082, 41.46666666666667)
(12083, 41.46666666666667)
(12084, 41.46666666666667)
(12085, 41.46666666666667)
(12086, 41.46666666666667)
(12087, 41.46666666666667)
(12088, 41.46666666666667)
(12089, 41.46666666666667)
(12090, 41.46666666666667)
(12091, 41.46666666666667)
(12092, 41.46666666666667)
(12093, 41.46666666666667)
(12094, 41.46666666666667)
(12095, 41.46666666666667)
(12096, 41.46666666666667)
(12097, 41.46666666666667)
(12098, 41.46666666666667)
(12099, 41.46666666666667)
(12100, 41.46666666666667)
(12101, 41.46666666666667)
(12102, 41.46666666666667)
(12103, 41.46666666666667)
(12104, 41.46666666666667)
(12105, 41.46666666666667)
(12106, 41.46666666666667)
(12107, 41.46666666666667)
(12108, 41.46666666666667)
(12109, 41.46666666666667)
(12110, 41.46666666666667)
(12111, 41.46666666666667)
(12112, 41.46666666666667)
(12113, 41.46666666666667)
(12114, 41.46666666666667)
(12115, 41.46666666666667)
(12116, 41.46666666666667)
(12117, 41.46666666666667)
(12118, 41.46666666666667)
(12119, 41.46666666666667)
(12120, 41.46666666666667)
(12121, 41.46666666666667)
(12122, 41.46666666666667)
(12123, 41.46666666666667)
(12124, 41.46666666666667)
(12125, 41.46666666666667)
(12126, 41.46666666666667)
(12127, 41.46666666666667)
(12128, 41.46666666666667)
(12129, 41.46666666666667)
(12130, 41.46666666666667)
(12131, 41.46666666666667)
(12132, 41.46666666666667)
(12133, 41.46666666666667)
(12134, 41.46666666666667)
(12135, 41.46666666666667)
(12136, 41.46666666666667)
(12137, 41.46666666666667)
(12138, 41.46666666666667)
(12139, 41.46666666666667)
(12140, 41.46666666666667)
(12141, 41.46666666666667)
(12933, 40.0)
(12934, 40.0)
(12935, 40.0)
(12936, 40.0)
(12937, 40.0)
(12938, 40.0)
(12939, 40.0)
(12940, 40.0)
(11238, 39.38709677419355)
(11239, 39.38709677419355)
(11240, 39.38709677419355)
(11114, 38.75)
(11115, 38.75)
(11116, 38.75)
(11117, 38.75)
(11118, 38.75)
(5535, 38.22222222222222)
(5536, 38.22222222222222)
(5537, 38.22222222222222)
(5538, 38.22222222222222)
(5539, 38.22222222222222)
(5540, 38.22222222222222)
(5541, 38.22222222222222)
(5542, 38.22222222222222)
(5543, 38.22222222222222)
(5544, 38.22222222222222)
(5545, 38.22222222222222)
(5546, 38.22222222222222)
(5547, 38.22222222222222)
(5548, 38.22222222222222)
(5549, 38.22222222222222)
(5550, 38.22222222222222)
(5551, 38.22222222222222)
(5552, 38.22222222222222)
(5553, 38.22222222222222)
(5554, 38.22222222222222)
(5555, 38.22222222222222)
(5556, 38.22222222222222)
(5557, 38.22222222222222)
(5558, 38.22222222222222)
(5559, 38.22222222222222)
(5560, 38.22222222222222)
(5561, 38.22222222222222)
(5562, 38.22222222222222)
(10527, 37.285714285714285)
(10528, 37.285714285714285)
(10529, 37.285714285714285)
(10530, 37.285714285714285)
(10531, 37.285714285714285)
(10532, 37.285714285714285)
(10533, 37.285714285714285)
(10534, 37.285714285714285)
(10535, 37.285714285714285)
(10536, 37.285714285714285)
(10537, 37.285714285714285)
(10538, 37.285714285714285)
(10539, 37.285714285714285)
(10540, 37.285714285714285)
(10541, 37.285714285714285)
(10542, 37.285714285714285)
(10543, 37.285714285714285)
(10544, 37.285714285714285)
(10545, 37.285714285714285)
(10546, 37.285714285714285)
(10547, 37.285714285714285)
(10548, 37.285714285714285)
(10549, 37.285714285714285)
(10550, 37.285714285714285)
(10551, 37.285714285714285)
(10552, 37.285714285714285)
(10553, 37.285714285714285)
(10554, 37.285714285714285)
(10555, 37.285714285714285)
(10556, 37.285714285714285)
(10557, 37.285714285714285)
(10558, 37.285714285714285)
(10559, 37.285714285714285)
(10560, 37.285714285714285)
(10561, 37.285714285714285)
(10562, 37.285714285714285)
(10295, 36.77777777777778)
(10296, 36.77777777777778)
(10297, 36.77777777777778)
(10298, 36.77777777777778)
(10299, 36.77777777777778)
(10300, 36.77777777777778)
(10301, 36.77777777777778)
(10302, 36.77777777777778)
(10303, 36.77777777777778)
(10304, 36.77777777777778)
(10305, 36.77777777777778)
(10306, 36.77777777777778)
(10307, 36.77777777777778)
(10308, 36.77777777777778)
(10309, 36.77777777777778)
(10310, 36.77777777777778)
(10311, 36.77777777777778)
(10312, 36.77777777777778)
(10313, 36.77777777777778)
(10314, 36.77777777777778)
(10315, 36.77777777777778)
(10316, 36.77777777777778)
(10317, 36.77777777777778)
(10318, 36.77777777777778)
(10319, 36.77777777777778)
(10320, 36.77777777777778)
(10321, 36.77777777777778)
(10322, 36.77777777777778)
(10323, 36.77777777777778)
(10324, 36.77777777777778)
(10325, 36.77777777777778)
(10326, 36.77777777777778)
(10327, 36.77777777777778)
(10328, 36.77777777777778)
(10329, 36.77777777777778)
(10330, 36.77777777777778)
(10331, 36.77777777777778)
(10332, 36.77777777777778)
(10333, 36.77777777777778)
(10334, 36.77777777777778)
(10335, 36.77777777777778)
(10336, 36.77777777777778)
(10337, 36.77777777777778)
(10338, 36.77777777777778)
(10339, 36.77777777777778)
(10340, 36.77777777777778)
(10341, 36.77777777777778)
(10342, 36.77777777777778)
(10343, 36.77777777777778)
(10344, 36.77777777777778)
(10345, 36.77777777777778)
(10346, 36.77777777777778)
(10347, 36.77777777777778)
(10348, 36.77777777777778)
(10349, 36.77777777777778)
(10350, 36.77777777777778)
(10351, 36.77777777777778)
(10352, 36.77777777777778)
(10353, 36.77777777777778)
(10354, 36.77777777777778)
(10355, 36.77777777777778)
(10356, 36.77777777777778)
(10357, 36.77777777777778)
(10358, 36.77777777777778)
(10359, 36.77777777777778)
(10360, 36.77777777777778)
(10361, 36.77777777777778)
(10362, 36.77777777777778)
(10363, 36.77777777777778)
(10364, 36.77777777777778)
(10365, 36.77777777777778)
(10366, 36.77777777777778)
(10367, 36.77777777777778)
(10368, 36.77777777777778)
(15504, 36.6)
(15505, 36.6)
(15506, 36.6)
(15507, 36.6)
(15508, 36.6)
(15509, 36.6)
(15510, 36.6)
(15511, 36.6)
(15512, 36.6)
(15513, 36.6)
(15514, 36.6)
(15515, 36.6)
(15516, 36.6)
(15517, 36.6)
(11120, 36.24031007751938)
(11121, 36.24031007751938)
(11122, 36.24031007751938)
(11123, 36.24031007751938)
(11124, 36.24031007751938)
(11125, 36.24031007751938)
(11126, 36.24031007751938)
(11127, 36.24031007751938)
(11128, 36.24031007751938)
(11129, 36.24031007751938)
(11130, 36.24031007751938)
(11131, 36.24031007751938)
(11132, 36.24031007751938)
(11133, 36.24031007751938)
(11134, 36.24031007751938)
(11135, 36.24031007751938)
(11136, 36.24031007751938)
(11137, 36.24031007751938)
(11138, 36.24031007751938)
(11139, 36.24031007751938)
(11140, 36.24031007751938)
(11141, 36.24031007751938)
(11142, 36.24031007751938)
(11143, 36.24031007751938)
(11144, 36.24031007751938)
(11145, 36.24031007751938)
(11146, 36.24031007751938)
(11147, 36.24031007751938)
(11148, 36.24031007751938)
(11149, 36.24031007751938)
(11150, 36.24031007751938)
(11151, 36.24031007751938)
(11152, 36.24031007751938)
(11153, 36.24031007751938)
(11154, 36.24031007751938)
(11155, 36.24031007751938)
(11156, 36.24031007751938)
(11157, 36.24031007751938)
(11158, 36.24031007751938)
(11159, 36.24031007751938)
(11160, 36.24031007751938)
(11161, 36.24031007751938)
(11162, 36.24031007751938)
(11163, 36.24031007751938)
(11164, 36.24031007751938)
(11165, 36.24031007751938)
(11166, 36.24031007751938)
(11167, 36.24031007751938)
(11168, 36.24031007751938)
(11169, 36.24031007751938)
(11170, 36.24031007751938)
(11171, 36.24031007751938)
(11172, 36.24031007751938)
(11173, 36.24031007751938)
(11174, 36.24031007751938)
(11175, 36.24031007751938)
(11176, 36.24031007751938)
(11177, 36.24031007751938)
(11178, 36.24031007751938)
(11179, 36.24031007751938)
(11180, 36.24031007751938)
(11181, 36.24031007751938)
(11182, 36.24031007751938)
(11183, 36.24031007751938)
(11184, 36.24031007751938)
(11185, 36.24031007751938)
(11186, 36.24031007751938)
(11187, 36.24031007751938)
(11188, 36.24031007751938)
(11189, 36.24031007751938)
(11190, 36.24031007751938)
(11191, 36.24031007751938)
(11192, 36.24031007751938)
(11193, 36.24031007751938)
(11194, 36.24031007751938)
(11195, 36.24031007751938)
(11196, 36.24031007751938)
(11197, 36.24031007751938)
(11198, 36.24031007751938)
(11199, 36.24031007751938)
(11200, 36.24031007751938)
(11201, 36.24031007751938)
(11202, 36.24031007751938)
(11203, 36.24031007751938)
(11204, 36.24031007751938)
(11205, 36.24031007751938)
(11206, 36.24031007751938)
(11207, 36.24031007751938)
(11208, 36.24031007751938)
(11209, 36.24031007751938)
(11210, 36.24031007751938)
(11211, 36.24031007751938)
(11212, 36.24031007751938)
(11213, 36.24031007751938)
(11214, 36.24031007751938)
(11215, 36.24031007751938)
(11216, 36.24031007751938)
(11217, 36.24031007751938)
(11218, 36.24031007751938)
(11219, 36.24031007751938)
(11220, 36.24031007751938)
(11221, 36.24031007751938)
(11222, 36.24031007751938)
(11223, 36.24031007751938)
(11224, 36.24031007751938)
(11225, 36.24031007751938)
(11226, 36.24031007751938)
(11227, 36.24031007751938)
(11228, 36.24031007751938)
(11229, 36.24031007751938)
(11230, 36.24031007751938)
(11231, 36.24031007751938)
(11232, 36.24031007751938)
(11233, 36.24031007751938)
(11234, 36.24031007751938)
(11235, 36.24031007751938)
(11236, 36.24031007751938)
(11237, 36.24031007751938)
(9339, 33.45454545454545)
(9340, 33.45454545454545)
(9341, 33.45454545454545)
(9342, 33.45454545454545)
(9343, 33.45454545454545)
(9344, 33.45454545454545)
(9345, 33.45454545454545)
(9346, 33.45454545454545)
(9347, 33.45454545454545)
(9348, 33.45454545454545)
(9349, 33.45454545454545)
(9350, 33.45454545454545)
(9351, 33.45454545454545)
(9352, 33.45454545454545)
(9353, 33.45454545454545)
(9354, 33.45454545454545)
(9355, 33.45454545454545)
(9356, 33.45454545454545)
(9357, 33.45454545454545)
(9358, 33.45454545454545)
(9359, 33.45454545454545)
(9360, 33.45454545454545)
(9361, 33.45454545454545)
(9362, 33.45454545454545)
(9363, 33.45454545454545)
(9364, 33.45454545454545)
(9365, 33.45454545454545)
(9366, 33.45454545454545)
(9367, 33.45454545454545)
(9368, 33.45454545454545)
(9369, 33.45454545454545)
(9370, 33.45454545454545)
(9371, 33.45454545454545)
(9372, 33.45454545454545)
(9373, 33.45454545454545)
(9374, 33.45454545454545)
(9375, 33.45454545454545)
(9376, 33.45454545454545)
(9377, 33.45454545454545)
(9378, 33.45454545454545)
(9379, 33.45454545454545)
(9380, 33.45454545454545)
(9381, 33.45454545454545)
(9382, 33.45454545454545)
(9383, 33.45454545454545)
(9384, 33.45454545454545)
(9385, 33.45454545454545)
(9386, 33.45454545454545)
(9387, 33.45454545454545)
(9388, 33.45454545454545)
(9389, 33.45454545454545)
(9390, 33.45454545454545)
(9391, 33.45454545454545)
(9392, 33.45454545454545)
(9393, 33.45454545454545)
(9394, 33.45454545454545)
(9395, 33.45454545454545)
(9396, 33.45454545454545)
(9397, 33.45454545454545)
(9398, 33.45454545454545)
(9399, 33.45454545454545)
(9400, 33.45454545454545)
(9401, 33.45454545454545)
(9402, 33.45454545454545)
(9403, 33.45454545454545)
(9404, 33.45454545454545)
(9405, 33.45454545454545)
(9406, 33.45454545454545)
(9407, 33.45454545454545)
(9408, 33.45454545454545)
(9409, 33.45454545454545)
(9410, 33.45454545454545)
(9411, 33.45454545454545)
(9412, 33.45454545454545)
(9413, 33.45454545454545)
(9414, 33.45454545454545)
(9415, 33.45454545454545)
(9416, 33.45454545454545)
(9417, 33.45454545454545)
(9418, 33.45454545454545)
(9419, 33.45454545454545)
(9420, 33.45454545454545)
(9421, 33.45454545454545)
(9422, 33.45454545454545)
(9423, 33.45454545454545)
(9424, 33.45454545454545)
(9425, 33.45454545454545)
(9426, 33.45454545454545)
(9427, 33.45454545454545)
(9428, 33.45454545454545)
(9429, 33.45454545454545)
(9430, 33.45454545454545)
(9431, 33.45454545454545)
(11108, 33.27777777777778)
(11109, 33.27777777777778)
(11110, 33.27777777777778)
(9488, 33.050847457627114)
(9489, 33.050847457627114)
(9490, 33.050847457627114)
(9491, 33.050847457627114)
(9492, 33.050847457627114)
(9493, 33.050847457627114)
(9494, 33.050847457627114)
(9495, 33.050847457627114)
(9496, 33.050847457627114)
(9497, 33.050847457627114)
(9498, 33.050847457627114)
(9499, 33.050847457627114)
(9500, 33.050847457627114)
(9501, 33.050847457627114)
(9502, 33.050847457627114)
(9503, 33.050847457627114)
(8192, 31.764705882352942)
(5137, 31.519434628975265)
(5138, 31.519434628975265)
(5139, 31.519434628975265)
(5140, 31.519434628975265)
(5141, 31.519434628975265)
(5142, 31.519434628975265)
(5143, 31.519434628975265)
(12500, 31.08108108108108)
(12501, 31.08108108108108)
(12502, 31.08108108108108)
(12503, 31.08108108108108)
(12504, 31.08108108108108)
(12505, 31.08108108108108)
(12506, 31.08108108108108)
(12507, 31.08108108108108)
(12508, 31.08108108108108)
(12509, 31.08108108108108)
(12510, 31.08108108108108)
(12511, 31.08108108108108)
(12512, 31.08108108108108)
(12513, 31.08108108108108)
(12514, 31.08108108108108)
(12515, 31.08108108108108)
(12516, 31.08108108108108)
(12517, 31.08108108108108)
(12518, 31.08108108108108)
(12519, 31.08108108108108)
(12520, 31.08108108108108)
(12521, 31.08108108108108)
(12522, 31.08108108108108)
(12523, 31.08108108108108)
(12524, 31.08108108108108)
(12525, 31.08108108108108)
(12526, 31.08108108108108)
(12527, 31.08108108108108)
(12528, 31.08108108108108)
(12529, 31.08108108108108)
(12530, 31.08108108108108)
(12531, 31.08108108108108)
(12532, 31.08108108108108)
(12533, 31.08108108108108)
(12534, 31.08108108108108)
(12535, 31.08108108108108)
(12536, 31.08108108108108)
(12537, 31.08108108108108)
(12538, 31.08108108108108)
(12539, 31.08108108108108)
(12540, 31.08108108108108)
(12541, 31.08108108108108)
(12542, 31.08108108108108)
(12543, 31.08108108108108)
(12544, 31.08108108108108)
(12545, 31.08108108108108)
(12546, 31.08108108108108)
(12547, 31.08108108108108)
(12548, 31.08108108108108)
(12549, 31.08108108108108)
(12550, 31.08108108108108)
(12551, 31.08108108108108)
(12552, 31.08108108108108)
(12553, 31.08108108108108)
(12554, 31.08108108108108)
(12555, 31.08108108108108)
(12556, 31.08108108108108)
(12557, 31.08108108108108)
(12558, 31.08108108108108)
(12559, 31.08108108108108)
(12560, 31.08108108108108)
(12561, 31.08108108108108)
(12562, 31.08108108108108)
(12563, 31.08108108108108)
(12564, 31.08108108108108)
(12565, 31.08108108108108)
(12566, 31.08108108108108)
(12567, 31.08108108108108)
(12568, 31.08108108108108)
(12569, 31.08108108108108)
(12570, 31.08108108108108)
(12571, 31.08108108108108)
(12572, 31.08108108108108)
(12573, 31.08108108108108)
(12574, 31.08108108108108)
(12575, 31.08108108108108)
(12576, 31.08108108108108)
(12577, 31.08108108108108)
(12578, 31.08108108108108)
(12579, 31.08108108108108)
(12580, 31.08108108108108)
(12581, 31.08108108108108)
(12582, 31.08108108108108)
(12583, 31.08108108108108)
(12584, 31.08108108108108)
(12585, 31.08108108108108)
(12586, 31.08108108108108)
(12587, 31.08108108108108)
(12588, 31.08108108108108)
(12589, 31.08108108108108)
(12590, 31.08108108108108)
(12591, 31.08108108108108)
(12592, 31.08108108108108)
(12593, 31.08108108108108)
(12594, 31.08108108108108)
(12595, 31.08108108108108)
(12596, 31.08108108108108)
(12597, 31.08108108108108)
(12598, 31.08108108108108)
(12599, 31.08108108108108)
(12600, 31.08108108108108)
(12601, 31.08108108108108)
(12602, 31.08108108108108)
(12603, 31.08108108108108)
(12604, 31.08108108108108)
(12605, 31.08108108108108)
(12606, 31.08108108108108)
(12607, 31.08108108108108)
(12608, 31.08108108108108)
(12609, 31.08108108108108)
(12610, 31.08108108108108)
(12611, 31.08108108108108)
(12612, 31.08108108108108)
(12613, 31.08108108108108)
(12614, 31.08108108108108)
(12615, 31.08108108108108)
(12616, 31.08108108108108)
(12617, 31.08108108108108)
(12618, 31.08108108108108)
(12619, 31.08108108108108)
(12620, 31.08108108108108)
(12621, 31.08108108108108)
(12622, 31.08108108108108)
(12623, 31.08108108108108)
(12624, 31.08108108108108)
(12625, 31.08108108108108)
(12626, 31.08108108108108)
(12627, 31.08108108108108)
(12628, 31.08108108108108)
(12629, 31.08108108108108)
(8744, 30.133333333333333)
(8745, 30.133333333333333)
(8746, 30.133333333333333)
(8747, 30.133333333333333)
(8748, 30.133333333333333)
(8749, 30.133333333333333)
(8750, 30.133333333333333)
(8751, 30.133333333333333)
(8752, 30.133333333333333)
(5126, 26.875000000000004)
(5127, 26.875000000000004)
(5128, 26.875000000000004)
(5129, 26.875000000000004)
(5130, 26.875000000000004)
(5131, 26.875000000000004)
(5132, 26.875000000000004)
(5133, 26.875000000000004)
(5134, 26.875000000000004)
(5135, 26.875000000000004)
(5136, 26.875000000000004)
(7673, 25.318181818181817)
(7674, 25.318181818181817)
(7675, 25.318181818181817)
(7676, 25.318181818181817)
(7677, 25.318181818181817)
(7678, 25.318181818181817)
(7679, 25.318181818181817)
(7680, 25.318181818181817)
(7681, 25.318181818181817)
(7682, 25.318181818181817)
(7683, 25.318181818181817)
(7684, 25.318181818181817)
(7685, 25.318181818181817)
(7686, 25.318181818181817)
(7687, 25.318181818181817)
(7688, 25.318181818181817)
(7689, 25.318181818181817)
(7176, 25.05)
(7177, 25.05)
(7178, 25.05)
(7179, 25.05)
(7180, 25.05)
(7181, 25.05)
(7182, 25.05)
(7183, 25.05)
(7184, 25.05)
(7185, 25.05)
(7186, 25.05)
(7187, 25.05)
(7188, 25.05)
(7189, 25.05)
(7190, 25.05)
(7191, 25.05)
(7192, 25.05)
(7193, 25.05)
(7194, 25.05)
(7195, 25.05)
(13660, 23.555555555555557)
(13661, 23.555555555555557)
(13662, 23.555555555555557)
(13663, 23.555555555555557)
(13664, 23.555555555555557)
(13665, 23.555555555555557)
(13666, 23.555555555555557)
(13667, 23.555555555555557)
(13668, 23.555555555555557)
(13669, 23.555555555555557)
(13670, 23.555555555555557)
(13671, 23.555555555555557)
(13672, 23.555555555555557)
(13673, 23.555555555555557)
(13674, 23.555555555555557)
(13675, 23.555555555555557)
(13676, 23.555555555555557)
(13677, 23.555555555555557)
(13678, 23.555555555555557)
(13679, 23.555555555555557)
(13680, 23.555555555555557)
(13681, 23.555555555555557)
(13682, 23.555555555555557)
(13683, 23.555555555555557)
(13684, 23.555555555555557)
(13685, 23.555555555555557)
(13686, 23.555555555555557)
(13687, 23.555555555555557)
(13688, 23.555555555555557)
(13689, 23.555555555555557)
(13690, 23.555555555555557)
(13691, 23.555555555555557)
(13692, 23.555555555555557)
(13693, 23.555555555555557)
(13694, 23.555555555555557)
(13695, 23.555555555555557)
(13696, 23.555555555555557)
(13697, 23.555555555555557)
(13698, 23.555555555555557)
(13699, 23.555555555555557)
(13700, 23.555555555555557)
(13701, 23.555555555555557)
(13702, 23.555555555555557)
(13703, 23.555555555555557)
(13704, 23.555555555555557)
(13705, 23.555555555555557)
(13706, 23.555555555555557)
(13707, 23.555555555555557)
(13708, 23.555555555555557)
(13709, 23.555555555555557)
(13710, 23.555555555555557)
(13711, 23.555555555555557)
(13712, 23.555555555555557)
(13713, 23.555555555555557)
(13714, 23.555555555555557)
(13715, 23.555555555555557)
(13716, 23.555555555555557)
(13717, 23.555555555555557)
(13718, 23.555555555555557)
(13719, 23.555555555555557)
(13720, 23.555555555555557)
(13721, 23.555555555555557)
(13722, 23.555555555555557)
(13723, 23.555555555555557)
(13724, 23.555555555555557)
(13725, 23.555555555555557)
(13726, 23.555555555555557)
(13727, 23.555555555555557)
(13728, 23.555555555555557)
(13729, 23.555555555555557)
(13730, 23.555555555555557)
(13731, 23.555555555555557)
(13732, 23.555555555555557)
(13733, 23.555555555555557)
(13734, 23.555555555555557)
(13735, 23.555555555555557)
(13736, 23.555555555555557)
(13737, 23.555555555555557)
(13738, 23.555555555555557)
(13739, 23.555555555555557)
(13740, 23.555555555555557)
(13741, 23.555555555555557)
(13742, 23.555555555555557)
(13743, 23.555555555555557)
(13744, 23.555555555555557)
(13745, 23.555555555555557)
(13746, 23.555555555555557)
(13747, 23.555555555555557)
(13748, 23.555555555555557)
(13749, 23.555555555555557)
(13750, 23.555555555555557)
(13751, 23.555555555555557)
(13752, 23.555555555555557)
(13753, 23.555555555555557)
(13754, 23.555555555555557)
(13755, 23.555555555555557)
(13756, 23.555555555555557)
(13757, 23.555555555555557)
(13758, 23.555555555555557)
(13759, 23.555555555555557)
(13760, 23.555555555555557)
(13761, 23.555555555555557)
(13762, 23.555555555555557)
(13763, 23.555555555555557)
(13764, 23.555555555555557)
(13765, 23.555555555555557)
(13766, 23.555555555555557)
(13767, 23.555555555555557)
(13768, 23.555555555555557)
(10455, 23.178571428571427)
(10456, 23.178571428571427)
(10457, 23.178571428571427)
(10458, 23.178571428571427)
(10459, 23.178571428571427)
(10460, 23.178571428571427)
(10461, 23.178571428571427)
(10462, 23.178571428571427)
(10463, 23.178571428571427)
(10464, 23.178571428571427)
(10465, 23.178571428571427)
(10466, 23.178571428571427)
(10467, 23.178571428571427)
(10468, 23.178571428571427)
(10469, 23.178571428571427)
(10470, 23.178571428571427)
(10471, 23.178571428571427)
(10472, 23.178571428571427)
(10473, 23.178571428571427)
(10474, 23.178571428571427)
(10475, 23.178571428571427)
(10476, 23.178571428571427)
(10477, 23.178571428571427)
(10478, 23.178571428571427)
(10479, 23.178571428571427)
(10480, 23.178571428571427)
(10481, 23.178571428571427)
(10482, 23.178571428571427)
(10483, 23.178571428571427)
(10484, 23.178571428571427)
(10485, 23.178571428571427)
(10486, 23.178571428571427)
(10487, 23.178571428571427)
(10488, 23.178571428571427)
(10489, 23.178571428571427)
(10490, 23.178571428571427)
(10491, 23.178571428571427)
(10492, 23.178571428571427)
(10493, 23.178571428571427)
(10494, 23.178571428571427)
(10495, 23.178571428571427)
(10496, 23.178571428571427)
(10497, 23.178571428571427)
(10498, 23.178571428571427)
(10499, 23.178571428571427)
(10500, 23.178571428571427)
(10501, 23.178571428571427)
(10502, 23.178571428571427)
(10503, 23.178571428571427)
(10504, 23.178571428571427)
(10505, 23.178571428571427)
(10506, 23.178571428571427)
(10507, 23.178571428571427)
(10508, 23.178571428571427)
(10509, 23.178571428571427)
(10510, 23.178571428571427)
(10511, 23.178571428571427)
(10512, 23.178571428571427)
(10513, 23.178571428571427)
(10514, 23.178571428571427)
(10515, 23.178571428571427)
(10516, 23.178571428571427)
(10517, 23.178571428571427)
(10518, 23.178571428571427)
(10519, 23.178571428571427)
(10520, 23.178571428571427)
(10521, 23.178571428571427)
(10522, 23.178571428571427)
(10523, 23.178571428571427)
(10524, 23.178571428571427)
(10525, 23.178571428571427)
(10526, 23.178571428571427)
(10563, 22.23076923076923)
(10564, 22.23076923076923)
(10565, 22.23076923076923)
(10566, 22.23076923076923)
(10567, 22.23076923076923)
(10568, 22.23076923076923)
(10569, 22.23076923076923)
(10570, 22.23076923076923)
(10571, 22.23076923076923)
(10572, 22.23076923076923)
(10573, 22.23076923076923)
(10574, 22.23076923076923)
(10575, 22.23076923076923)
(10576, 22.23076923076923)
(10577, 22.23076923076923)
(10578, 22.23076923076923)
(10579, 22.23076923076923)
(10580, 22.23076923076923)
(10581, 22.23076923076923)
(10582, 22.23076923076923)
(10583, 22.23076923076923)
(10584, 22.23076923076923)
(10585, 22.23076923076923)
(10586, 22.23076923076923)
(10587, 22.23076923076923)
(10588, 22.23076923076923)
(10589, 22.23076923076923)
(10590, 22.23076923076923)
(10591, 22.23076923076923)
(10592, 22.23076923076923)
(10593, 22.23076923076923)
(10594, 22.23076923076923)
(10595, 22.23076923076923)
(10596, 22.23076923076923)
(10597, 22.23076923076923)
(10598, 22.23076923076923)
(10599, 22.23076923076923)
(10600, 22.23076923076923)
(10601, 22.23076923076923)
(10602, 22.23076923076923)
(10603, 22.23076923076923)
(10604, 22.23076923076923)
(10605, 22.23076923076923)
(7356, 20.941176470588236)
(7357, 20.941176470588236)
(7358, 20.941176470588236)
(7359, 20.941176470588236)
(7360, 20.941176470588236)
(7361, 20.941176470588236)
(7362, 20.941176470588236)
(7363, 20.941176470588236)
(7364, 20.941176470588236)
(7365, 20.941176470588236)
(7366, 20.941176470588236)
(7367, 20.941176470588236)
(7368, 20.941176470588236)
(7369, 20.941176470588236)
(7370, 20.941176470588236)
(7371, 20.941176470588236)
(7372, 20.941176470588236)
(7373, 20.941176470588236)
(7374, 20.941176470588236)
(7375, 20.941176470588236)
(7376, 20.941176470588236)
(7377, 20.941176470588236)
(7378, 20.941176470588236)
(7379, 20.941176470588236)
(7380, 20.941176470588236)
(7381, 20.941176470588236)
(7382, 20.941176470588236)
(7383, 20.941176470588236)
(7384, 20.941176470588236)
(7385, 20.941176470588236)
(7386, 20.941176470588236)
(7387, 20.941176470588236)
(7388, 20.941176470588236)
(7389, 20.941176470588236)
(7390, 20.941176470588236)
(7391, 20.941176470588236)
(7392, 20.941176470588236)
(7393, 20.941176470588236)
(7394, 20.941176470588236)
(7395, 20.941176470588236)
(7396, 20.941176470588236)
(7397, 20.941176470588236)
(7398, 20.941176470588236)
(7399, 20.941176470588236)
(7400, 20.941176470588236)
(7401, 20.941176470588236)
(7402, 20.941176470588236)
(7403, 20.941176470588236)
(7404, 20.941176470588236)
(7405, 20.941176470588236)
(7406, 20.941176470588236)
(7407, 20.941176470588236)
(7408, 20.941176470588236)
(7409, 20.941176470588236)
(7410, 20.941176470588236)
(7411, 20.941176470588236)
(7412, 20.941176470588236)
(7413, 20.941176470588236)
(7414, 20.941176470588236)
(7415, 20.941176470588236)
(7416, 20.941176470588236)
(7417, 20.941176470588236)
(7418, 20.941176470588236)
(7419, 20.941176470588236)
(7420, 20.941176470588236)
(7421, 20.941176470588236)
(7422, 20.941176470588236)
(7423, 20.941176470588236)
(7424, 20.941176470588236)
(7425, 20.941176470588236)
(7426, 20.941176470588236)
(7427, 20.941176470588236)
(7428, 20.941176470588236)
(7429, 20.941176470588236)
(7430, 20.941176470588236)
(7431, 20.941176470588236)
(7432, 20.941176470588236)
(7433, 20.941176470588236)
(7434, 20.941176470588236)
(7435, 20.941176470588236)
(7436, 20.941176470588236)
(7437, 20.941176470588236)
(7438, 20.941176470588236)
(7439, 20.941176470588236)
(7440, 20.941176470588236)
(7441, 20.941176470588236)
(7442, 20.941176470588236)
(7443, 20.941176470588236)
(7444, 20.941176470588236)
(7445, 20.941176470588236)
(7446, 20.941176470588236)
(7447, 20.941176470588236)
(15450, 20.333333333333332)
(15451, 20.333333333333332)
(15452, 20.333333333333332)
(15453, 20.333333333333332)
(15454, 20.333333333333332)
(15455, 20.333333333333332)
(15456, 20.333333333333332)
(15457, 20.333333333333332)
(15458, 20.333333333333332)
(15459, 20.333333333333332)
(15460, 20.333333333333332)
(15461, 20.333333333333332)
(15462, 20.333333333333332)
(15463, 20.333333333333332)
(15464, 20.333333333333332)
(15465, 20.333333333333332)
(15466, 20.333333333333332)
(15467, 20.333333333333332)
(15468, 20.333333333333332)
(15469, 20.333333333333332)
(15470, 20.333333333333332)
(15471, 20.333333333333332)
(15472, 20.333333333333332)
(15473, 20.333333333333332)
(15474, 20.333333333333332)
(15475, 20.333333333333332)
(15476, 20.333333333333332)
(15477, 20.333333333333332)
(15478, 20.333333333333332)
(15479, 20.333333333333332)
(15480, 20.333333333333332)
(15481, 20.333333333333332)
(15482, 20.333333333333332)
(15483, 20.333333333333332)
(15484, 20.333333333333332)
(15485, 20.333333333333332)
(15486, 20.333333333333332)
(15487, 20.333333333333332)
(15488, 20.333333333333332)
(15489, 20.333333333333332)
(15490, 20.333333333333332)
(15491, 20.333333333333332)
(15492, 20.333333333333332)
(15493, 20.333333333333332)
(15494, 20.333333333333332)
(15495, 20.333333333333332)
(15496, 20.333333333333332)
(15497, 20.333333333333332)
(15498, 20.333333333333332)
(15499, 20.333333333333332)
(15500, 20.333333333333332)
(15501, 20.333333333333332)
(15502, 20.333333333333332)
(15503, 20.333333333333332)
(9030, 18.68421052631579)
(9031, 18.68421052631579)
(9032, 18.68421052631579)
(9033, 18.68421052631579)
(9034, 18.68421052631579)
(9035, 18.68421052631579)
(9036, 18.68421052631579)
(9037, 18.68421052631579)
(9038, 18.68421052631579)
(9039, 18.68421052631579)
(9040, 18.68421052631579)
(9041, 18.68421052631579)
(9042, 18.68421052631579)
(9043, 18.68421052631579)
(9044, 18.68421052631579)
(9045, 18.68421052631579)
(9046, 18.68421052631579)
(9047, 18.68421052631579)
(9048, 18.68421052631579)
(9049, 18.68421052631579)
(9050, 18.68421052631579)
(9051, 18.68421052631579)
(9052, 18.68421052631579)
(9053, 18.68421052631579)
(9054, 18.68421052631579)
(9055, 18.68421052631579)
(9056, 18.68421052631579)
(9057, 18.68421052631579)
(9058, 18.68421052631579)
(9059, 18.68421052631579)
(9060, 18.68421052631579)
(9061, 18.68421052631579)
(9062, 18.68421052631579)
(9063, 18.68421052631579)
(9064, 18.68421052631579)
(9065, 18.68421052631579)
(9066, 18.68421052631579)
(9067, 18.68421052631579)
(9068, 18.68421052631579)
(9069, 18.68421052631579)
(9070, 18.68421052631579)
(9071, 18.68421052631579)
(9072, 18.68421052631579)
(9073, 18.68421052631579)
(9074, 18.68421052631579)
(9075, 18.68421052631579)
(9076, 18.68421052631579)
(9077, 18.68421052631579)
(9078, 18.68421052631579)
(9079, 18.68421052631579)
(9080, 18.68421052631579)
(9081, 18.68421052631579)
(9082, 18.68421052631579)
(9083, 18.68421052631579)
(9084, 18.68421052631579)
(9085, 18.68421052631579)
(9086, 18.68421052631579)
(9087, 18.68421052631579)
(9088, 18.68421052631579)
(9089, 18.68421052631579)
(9090, 18.68421052631579)
(9091, 18.68421052631579)
(9092, 18.68421052631579)
(9093, 18.68421052631579)
(9094, 18.68421052631579)
(9095, 18.68421052631579)
(9096, 18.68421052631579)
(9097, 18.68421052631579)
(9098, 18.68421052631579)
(9099, 18.68421052631579)
(9100, 18.68421052631579)
(9101, 18.68421052631579)
(9102, 18.68421052631579)
(9103, 18.68421052631579)
(9104, 18.68421052631579)
(9105, 18.68421052631579)
(9106, 18.68421052631579)
(9107, 18.68421052631579)
(9108, 18.68421052631579)
(9109, 18.68421052631579)
(9110, 18.68421052631579)
(9111, 18.68421052631579)
(9112, 18.68421052631579)
(9113, 18.68421052631579)
(9114, 18.68421052631579)
(9115, 18.68421052631579)
(9116, 18.68421052631579)
(9117, 18.68421052631579)
(9118, 18.68421052631579)
(9119, 18.68421052631579)
(9120, 18.68421052631579)
(9121, 18.68421052631579)
(9122, 18.68421052631579)
(9123, 18.68421052631579)
(9124, 18.68421052631579)
(9125, 18.68421052631579)
(9126, 18.68421052631579)
(9127, 18.68421052631579)
(9128, 18.68421052631579)
(9129, 18.68421052631579)
(9130, 18.68421052631579)
(9131, 18.68421052631579)
(9132, 18.68421052631579)
(9133, 18.68421052631579)
(9134, 18.68421052631579)
(9135, 18.68421052631579)
(9136, 18.68421052631579)
(9137, 18.68421052631579)
(9138, 18.68421052631579)
(9139, 18.68421052631579)
(9140, 18.68421052631579)
(9141, 18.68421052631579)
(9142, 18.68421052631579)
(9143, 18.68421052631579)
(9144, 18.68421052631579)
(9145, 18.68421052631579)
(9146, 18.68421052631579)
(9147, 18.68421052631579)
(9148, 18.68421052631579)
(9149, 18.68421052631579)
(9150, 18.68421052631579)
(9151, 18.68421052631579)
(9152, 18.68421052631579)
(9153, 18.68421052631579)
(9154, 18.68421052631579)
(9155, 18.68421052631579)
(9156, 18.68421052631579)
(9157, 18.68421052631579)
(9158, 18.68421052631579)
(9159, 18.68421052631579)
(9160, 18.68421052631579)
(9161, 18.68421052631579)
(9162, 18.68421052631579)
(9163, 18.68421052631579)
(9164, 18.68421052631579)
(9165, 18.68421052631579)
(9166, 18.68421052631579)
(9167, 18.68421052631579)
(9168, 18.68421052631579)
(9169, 18.68421052631579)
(9170, 18.68421052631579)
(9171, 18.68421052631579)
(9172, 18.68421052631579)
(9173, 18.68421052631579)
(9174, 18.68421052631579)
(9175, 18.68421052631579)
(9176, 18.68421052631579)
(9177, 18.68421052631579)
(9178, 18.68421052631579)
(9179, 18.68421052631579)
(9180, 18.68421052631579)
(9181, 18.68421052631579)
(9182, 18.68421052631579)
(9183, 18.68421052631579)
(9184, 18.68421052631579)
(9185, 18.68421052631579)
(9186, 18.68421052631579)
(9187, 18.68421052631579)
(9188, 18.68421052631579)
(9189, 18.68421052631579)
(9190, 18.68421052631579)
(9191, 18.68421052631579)
(9192, 18.68421052631579)
(9193, 18.68421052631579)
(9194, 18.68421052631579)
(9195, 18.68421052631579)
(9196, 18.68421052631579)
(9197, 18.68421052631579)
(9198, 18.68421052631579)
(9199, 18.68421052631579)
(9200, 18.68421052631579)
(9201, 18.68421052631579)
(9202, 18.68421052631579)
(9203, 18.68421052631579)
(9204, 18.68421052631579)
(9205, 18.68421052631579)
(9206, 18.68421052631579)
(9207, 18.68421052631579)
(9208, 18.68421052631579)
(9209, 18.68421052631579)
(9210, 18.68421052631579)
(9211, 18.68421052631579)
(9212, 18.68421052631579)
(9213, 18.68421052631579)
(9214, 18.68421052631579)
(9215, 18.68421052631579)
(9216, 18.68421052631579)
(9217, 18.68421052631579)
(9218, 18.68421052631579)
(9219, 18.68421052631579)
(9220, 18.68421052631579)
(9221, 18.68421052631579)
(9222, 18.68421052631579)
(9223, 18.68421052631579)
(9224, 18.68421052631579)
(9225, 18.68421052631579)
(9226, 18.68421052631579)
(9227, 18.68421052631579)
(9228, 18.68421052631579)
(9229, 18.68421052631579)
(9230, 18.68421052631579)
(9231, 18.68421052631579)
(9232, 18.68421052631579)
(9233, 18.68421052631579)
(9234, 18.68421052631579)
(9235, 18.68421052631579)
(9236, 18.68421052631579)
(9237, 18.68421052631579)
(9238, 18.68421052631579)
(9239, 18.68421052631579)
(9240, 18.68421052631579)
(9241, 18.68421052631579)
(9242, 18.68421052631579)
(9243, 18.68421052631579)
(9244, 18.68421052631579)
(9245, 18.68421052631579)
(9246, 18.68421052631579)
(9247, 18.68421052631579)
(9248, 18.68421052631579)
(9249, 18.68421052631579)
(9250, 18.68421052631579)
(9251, 18.68421052631579)
(9252, 18.68421052631579)
(9253, 18.68421052631579)
(9254, 18.68421052631579)
(9255, 18.68421052631579)
(9256, 18.68421052631579)
(9257, 18.68421052631579)
(9258, 18.68421052631579)
(9259, 18.68421052631579)
(5443, 17.666666666666668)
(5444, 17.666666666666668)
(5445, 17.666666666666668)
(5446, 17.666666666666668)
(5447, 17.666666666666668)
(5448, 17.666666666666668)
(5449, 17.666666666666668)
(5450, 17.666666666666668)
(5451, 17.666666666666668)
(5452, 17.666666666666668)
(5453, 17.666666666666668)
(5454, 17.666666666666668)
(5455, 17.666666666666668)
(5456, 17.666666666666668)
(5457, 17.666666666666668)
(5458, 17.666666666666668)
(5459, 17.666666666666668)
(5460, 17.666666666666668)
(8919, 17.560975609756095)
(8920, 17.560975609756095)
(8921, 17.560975609756095)
(8922, 17.560975609756095)
(8923, 17.560975609756095)
(8924, 17.560975609756095)
(8925, 17.560975609756095)
(8926, 17.560975609756095)
(8927, 17.560975609756095)
(8928, 17.560975609756095)
(8929, 17.560975609756095)
(8930, 17.560975609756095)
(8931, 17.560975609756095)
(8932, 17.560975609756095)
(8933, 17.560975609756095)
(8934, 17.560975609756095)
(8935, 17.560975609756095)
(8936, 17.560975609756095)
(8937, 17.560975609756095)
(8938, 17.560975609756095)
(8939, 17.560975609756095)
(8940, 17.560975609756095)
(8941, 17.560975609756095)
(8942, 17.560975609756095)
(8943, 17.560975609756095)
(8944, 17.560975609756095)
(8945, 17.560975609756095)
(8946, 17.560975609756095)
(8947, 17.560975609756095)
(8948, 17.560975609756095)
(8949, 17.560975609756095)
(8950, 17.560975609756095)
(8951, 17.560975609756095)
(8952, 17.560975609756095)
(8953, 17.560975609756095)
(8954, 17.560975609756095)
(8955, 17.560975609756095)
(8956, 17.560975609756095)
(8957, 17.560975609756095)
(8958, 17.560975609756095)
(8959, 17.560975609756095)
(8960, 17.560975609756095)
(8961, 17.560975609756095)
(8962, 17.560975609756095)
(8963, 17.560975609756095)
(8964, 17.560975609756095)
(8965, 17.560975609756095)
(8966, 17.560975609756095)
(8967, 17.560975609756095)
(8968, 17.560975609756095)
(8969, 17.560975609756095)
(8970, 17.560975609756095)
(8971, 17.560975609756095)
(8972, 17.560975609756095)
(8973, 17.560975609756095)
(8974, 17.560975609756095)
(8975, 17.560975609756095)
(8976, 17.560975609756095)
(8977, 17.560975609756095)
(8978, 17.560975609756095)
(8979, 17.560975609756095)
(8980, 17.560975609756095)
(8981, 17.560975609756095)
(8982, 17.560975609756095)
(8983, 17.560975609756095)
(8984, 17.560975609756095)
(8985, 17.560975609756095)
(8986, 17.560975609756095)
(8987, 17.560975609756095)
(8988, 17.560975609756095)
(8989, 17.560975609756095)
(8990, 17.560975609756095)
(8991, 17.560975609756095)
(8992, 17.560975609756095)
(8993, 17.560975609756095)
(8994, 17.560975609756095)
(8995, 17.560975609756095)
(8996, 17.560975609756095)
(8997, 17.560975609756095)
(8998, 17.560975609756095)
(8999, 17.560975609756095)
(9000, 17.560975609756095)
(9001, 17.560975609756095)
(9002, 17.560975609756095)
(9003, 17.560975609756095)
(9004, 17.560975609756095)
(9005, 17.560975609756095)
(9006, 17.560975609756095)
(9007, 17.560975609756095)
(9008, 17.560975609756095)
(9009, 17.560975609756095)
(9010, 17.560975609756095)
(9011, 17.560975609756095)
(9012, 17.560975609756095)
(9013, 17.560975609756095)
(9014, 17.560975609756095)
(9015, 17.560975609756095)
(9016, 17.560975609756095)
(9017, 17.560975609756095)
(9018, 17.560975609756095)
(9019, 17.560975609756095)
(9020, 17.560975609756095)
(9021, 17.560975609756095)
(9022, 17.560975609756095)
(9023, 17.560975609756095)
(9024, 17.560975609756095)
(9025, 17.560975609756095)
(9026, 17.560975609756095)
(9027, 17.560975609756095)
(9028, 17.560975609756095)
(9029, 17.560975609756095)
(10369, 16.5)
(10370, 16.5)
(10371, 16.5)
(10372, 16.5)
(10373, 16.5)
(10374, 16.5)
(10375, 16.5)
(10376, 16.5)
(10377, 16.5)
(10378, 16.5)
(10379, 16.5)
(10380, 16.5)
(10381, 16.5)
(10382, 16.5)
(10383, 16.5)
(10384, 16.5)
(10385, 16.5)
(10386, 16.5)
(10387, 16.5)
(10388, 16.5)
(10389, 16.5)
(10390, 16.5)
(10391, 16.5)
(10392, 16.5)
(10393, 16.5)
(10394, 16.5)
(10395, 16.5)
(10396, 16.5)
(10397, 16.5)
(10398, 16.5)
(10399, 16.5)
(10400, 16.5)
(10401, 16.5)
(10402, 16.5)
(10403, 16.5)
(10404, 16.5)
(10405, 16.5)
(10406, 16.5)
(10407, 16.5)
(10408, 16.5)
(10409, 16.5)
(10410, 16.5)
(10411, 16.5)
(10412, 16.5)
(10413, 16.5)
(10414, 16.5)
(10415, 16.5)
(10416, 16.5)
(10417, 16.5)
(10418, 16.5)
(10419, 16.5)
(10420, 16.5)
(10421, 16.5)
(10422, 16.5)
(10423, 16.5)
(10424, 16.5)
(10425, 16.5)
(10426, 16.5)
(10427, 16.5)
(10428, 16.5)
(10429, 16.5)
(10430, 16.5)
(10431, 16.5)
(10432, 16.5)
(10433, 16.5)
(10434, 16.5)
(10435, 16.5)
(10436, 16.5)
(10437, 16.5)
(10438, 16.5)
(10439, 16.5)
(10440, 16.5)
(10441, 16.5)
(10442, 16.5)
(10443, 16.5)
(10444, 16.5)
(10445, 16.5)
(10446, 16.5)
(10447, 16.5)
(10448, 16.5)
(10449, 16.5)
(10450, 16.5)
(10451, 16.5)
(10452, 16.5)
(10453, 16.5)
(10454, 16.5)
(14674, 16.0)
(10972, 13.571428571428571)
(10973, 13.571428571428571)
(10974, 13.571428571428571)
(10975, 13.571428571428571)
(10976, 13.571428571428571)
(10977, 13.571428571428571)
(10978, 13.571428571428571)
(10979, 13.571428571428571)
(10980, 13.571428571428571)
(10981, 13.571428571428571)
(6984, 10.833333333333334)
(6985, 10.833333333333334)
(6986, 10.833333333333334)
(6987, 10.833333333333334)
(6988, 10.833333333333334)
(6989, 10.833333333333334)
(6990, 10.833333333333334)
(6991, 10.833333333333334)
(6992, 10.833333333333334)
(6993, 10.833333333333334)
(6994, 10.833333333333334)
(6995, 10.833333333333334)
(6996, 10.833333333333334)
(6997, 10.833333333333334)
(6998, 10.833333333333334)
(6999, 10.833333333333334)
(7000, 10.833333333333334)
(7001, 10.833333333333334)
(7002, 10.833333333333334)
(7003, 10.833333333333334)
(7004, 10.833333333333334)
(7005, 10.833333333333334)
(7006, 10.833333333333334)
(7007, 10.833333333333334)
(7008, 10.833333333333334)
(7009, 10.833333333333334)
(7010, 10.833333333333334)
(7011, 10.833333333333334)
(7012, 10.833333333333334)
(7013, 10.833333333333334)
(7014, 10.833333333333334)
(7015, 10.833333333333334)
(7016, 10.833333333333334)
(7017, 10.833333333333334)
(7018, 10.833333333333334)
(7019, 10.833333333333334)
(7020, 10.833333333333334)
(7021, 10.833333333333334)
(7022, 10.833333333333334)
(7023, 10.833333333333334)
(7024, 10.833333333333334)
(7025, 10.833333333333334)
(7026, 10.833333333333334)
(7027, 10.833333333333334)
(7028, 10.833333333333334)
(7029, 10.833333333333334)
(7030, 10.833333333333334)
(7031, 10.833333333333334)
(7032, 10.833333333333334)
(7033, 10.833333333333334)
(7034, 10.833333333333334)
(7035, 10.833333333333334)
(7036, 10.833333333333334)
(7037, 10.833333333333334)
(7038, 10.833333333333334)
(7039, 10.833333333333334)
(7040, 10.833333333333334)
(7041, 10.833333333333334)
(7042, 10.833333333333334)
(7043, 10.833333333333334)
(7044, 10.833333333333334)
(7045, 10.833333333333334)
(7046, 10.833333333333334)
(7047, 10.833333333333334)
(7048, 10.833333333333334)
(7049, 10.833333333333334)
(7050, 10.833333333333334)
(7051, 10.833333333333334)
(7052, 10.833333333333334)
(7053, 10.833333333333334)
(7054, 10.833333333333334)
(7055, 10.833333333333334)
(7056, 10.833333333333334)
(7057, 10.833333333333334)
(7058, 10.833333333333334)
(7059, 10.833333333333334)
(7060, 10.833333333333334)
(7061, 10.833333333333334)
(7062, 10.833333333333334)
(7063, 10.833333333333334)
(7064, 10.833333333333334)
(7065, 10.833333333333334)
(7066, 10.833333333333334)
(7067, 10.833333333333334)
(7068, 10.833333333333334)
(7069, 10.833333333333334)
(7070, 10.833333333333334)
(7071, 10.833333333333334)
(7072, 10.833333333333334)
(7073, 10.833333333333334)
(7074, 10.833333333333334)
(7075, 10.833333333333334)
(7076, 10.833333333333334)
(7077, 10.833333333333334)
(7078, 10.833333333333334)
(7079, 10.833333333333334)
(7080, 10.833333333333334)
(7081, 10.833333333333334)
(7082, 10.833333333333334)
(7083, 10.833333333333334)
(7084, 10.833333333333334)
(7085, 10.833333333333334)
(7086, 10.833333333333334)
(7087, 10.833333333333334)
(7088, 10.833333333333334)
(7089, 10.833333333333334)
(7090, 10.833333333333334)
(7091, 10.833333333333334)
(7092, 10.833333333333334)
(7093, 10.833333333333334)
(7094, 10.833333333333334)
(7095, 10.833333333333334)
(7096, 10.833333333333334)
(7097, 10.833333333333334)
(7098, 10.833333333333334)
(7099, 10.833333333333334)
(7100, 10.833333333333334)
(7101, 10.833333333333334)
(7102, 10.833333333333334)
(7103, 10.833333333333334)
(7104, 10.833333333333334)
(7105, 10.833333333333334)
(7106, 10.833333333333334)
(7107, 10.833333333333334)
(7108, 10.833333333333334)
(7109, 10.833333333333334)
(7110, 10.833333333333334)
(7111, 10.833333333333334)
(7112, 10.833333333333334)
(7113, 10.833333333333334)
(7114, 10.833333333333334)
(7115, 10.833333333333334)
(7116, 10.833333333333334)
(7117, 10.833333333333334)
(7118, 10.833333333333334)
(7119, 10.833333333333334)
(7120, 10.833333333333334)
(7121, 10.833333333333334)
(7122, 10.833333333333334)
(7123, 10.833333333333334)
(7124, 10.833333333333334)
(7125, 10.833333333333334)
(7126, 10.833333333333334)
(7127, 10.833333333333334)
(7128, 10.833333333333334)
(7129, 10.833333333333334)
(7130, 10.833333333333334)
(7131, 10.833333333333334)
(7132, 10.833333333333334)
(7133, 10.833333333333334)
(13451, 10.267857142857144)
(13452, 10.267857142857144)
(13453, 10.267857142857144)
(13454, 10.267857142857144)
(13455, 10.267857142857144)
(13456, 10.267857142857144)
(13457, 10.267857142857144)
(13458, 10.267857142857144)
(13459, 10.267857142857144)
(13460, 10.267857142857144)
(13461, 10.267857142857144)
(13462, 10.267857142857144)
(13463, 10.267857142857144)
(13464, 10.267857142857144)
(13465, 10.267857142857144)
(13466, 10.267857142857144)
(13467, 10.267857142857144)
(13468, 10.267857142857144)
(13469, 10.267857142857144)
(13470, 10.267857142857144)
(13471, 10.267857142857144)
(13472, 10.267857142857144)
(13473, 10.267857142857144)
(13474, 10.267857142857144)
(13475, 10.267857142857144)
(13476, 10.267857142857144)
(13477, 10.267857142857144)
(13478, 10.267857142857144)
(13479, 10.267857142857144)
(13480, 10.267857142857144)
(13481, 10.267857142857144)
(13482, 10.267857142857144)
(13483, 10.267857142857144)
(13484, 10.267857142857144)
(13485, 10.267857142857144)
(13486, 10.267857142857144)
(13487, 10.267857142857144)
(13488, 10.267857142857144)
(13489, 10.267857142857144)
(13490, 10.267857142857144)
(13491, 10.267857142857144)
(13492, 10.267857142857144)
(13493, 10.267857142857144)
(13494, 10.267857142857144)
(13495, 10.267857142857144)
(13496, 10.267857142857144)
(13497, 10.267857142857144)
(13498, 10.267857142857144)
(13499, 10.267857142857144)
(13500, 10.267857142857144)
(13501, 10.267857142857144)
(13502, 10.267857142857144)
(13503, 10.267857142857144)
(13504, 10.267857142857144)
(13505, 10.267857142857144)
(13506, 10.267857142857144)
(13507, 10.267857142857144)
(13508, 10.267857142857144)
(13509, 10.267857142857144)
(13510, 10.267857142857144)
(13511, 10.267857142857144)
(13512, 10.267857142857144)
(13513, 10.267857142857144)
(13514, 10.267857142857144)
(13515, 10.267857142857144)
(13516, 10.267857142857144)
(13517, 10.267857142857144)
(13518, 10.267857142857144)
(13519, 10.267857142857144)
(13520, 10.267857142857144)
(13521, 10.267857142857144)
(13522, 10.267857142857144)
(13523, 10.267857142857144)
(13524, 10.267857142857144)
(13525, 10.267857142857144)
(13526, 10.267857142857144)
(13527, 10.267857142857144)
(13528, 10.267857142857144)
(13529, 10.267857142857144)
(13530, 10.267857142857144)
(13531, 10.267857142857144)
(13532, 10.267857142857144)
(13533, 10.267857142857144)
(13534, 10.267857142857144)
(13535, 10.267857142857144)
(13536, 10.267857142857144)
(13537, 10.267857142857144)
(13538, 10.267857142857144)
(13539, 10.267857142857144)
(13540, 10.267857142857144)
(13541, 10.267857142857144)
(13542, 10.267857142857144)
(5290, 7.84)
(5291, 7.84)
(5292, 7.84)
(5293, 7.84)
(5294, 7.84)
(5295, 7.84)
(5296, 7.84)
(5297, 7.84)
(5298, 7.84)
(5299, 7.84)
(5300, 7.84)
(5301, 7.84)
(5302, 7.84)
(5303, 7.84)
(5304, 7.84)
(5305, 7.84)
(5306, 7.84)
(5307, 7.84)
(5308, 7.84)
(5309, 7.84)
(5310, 7.84)
(5311, 7.84)
(5312, 7.84)
(5313, 7.84)
(5314, 7.84)
(5315, 7.84)
(5316, 7.84)
(5317, 7.84)
(5318, 7.84)
(5319, 7.84)
(5320, 7.84)
(5321, 7.84)
(7134, 7.823529411764706)
(7135, 7.823529411764706)
(7136, 7.823529411764706)
(7137, 7.823529411764706)
(7138, 7.823529411764706)
(7139, 7.823529411764706)
(7140, 7.823529411764706)
(7141, 7.823529411764706)
(7142, 7.823529411764706)
(7143, 7.823529411764706)
(7144, 7.823529411764706)
(7145, 7.823529411764706)
(7146, 7.823529411764706)
(7147, 7.823529411764706)
(7148, 7.823529411764706)
(7149, 7.823529411764706)
(7150, 7.823529411764706)
(7151, 7.823529411764706)
(7152, 7.823529411764706)
(7153, 7.823529411764706)
(7154, 7.823529411764706)
(7155, 7.823529411764706)
(7156, 7.823529411764706)
(7157, 7.823529411764706)
(7158, 7.823529411764706)
(7159, 7.823529411764706)
(7160, 7.823529411764706)
(7161, 7.823529411764706)
(7162, 7.823529411764706)
(7163, 7.823529411764706)
(7164, 7.823529411764706)
(7165, 7.823529411764706)
(7166, 7.823529411764706)
(7167, 7.823529411764706)
(7168, 7.823529411764706)
(7169, 7.823529411764706)
(7170, 7.823529411764706)
(7171, 7.823529411764706)
(7172, 7.823529411764706)
(7173, 7.823529411764706)
(15244, 6.903225806451613)
(15245, 6.903225806451613)
(15246, 6.903225806451613)
(15247, 6.903225806451613)
